1
20
                       1                        0                        0                        0
                       0                       -1                        0                        0
                       0                        0                       -1                     8.75
                       0                        0                        0                        1

0.5 -0.4834834011 -0.2069008514
     0.97877600123267916      0.20342713444473612     0.024797991502732101    0.0041469976502760434
     0.20342713444473617     -0.94980217828295233     -0.23768303073749725    -0.059927234072936784
   -0.024797991502732108      0.23768303073749725     -0.97102617705027316        8.254845326916044
                       0                        0                        0                        1

0.5 -0.3579935096 0.0008772699864
     0.97895119284828802      0.19490769484952614     0.060543806531781708     0.025546020783984377
     0.20261687758456234      -0.8924864892431208     -0.40300653522786861     -0.22052732577689108
   -0.024514545453593647      0.40679092542353101      -0.9131923017931497       7.7825287929942037
                       0                        0                        0                        1

0.5 0.6498197434 0.3031567368
     0.99479684391959766    -0.092095961001447998     0.043561144324124286     0.047673980409187161
   -0.087810978603125728     -0.99190382820494538    -0.091738910115260475     -0.34556404076224601
    0.051657248904377333      0.08743643153511127     -0.99482983423097893       7.3011855699006043
                       0                        0                        0                        1

0.5 0.3138511125 0.04648668611
     0.98962074272179856     -0.13009848954096093     0.061034159238215188     0.073574213298586183
    -0.13395491965293208     -0.98891672294324995     0.064029638324450425     -0.35247181860326615
    0.052027541509587168     -0.07154088413169031     -0.99607983456253357       6.8024182048476778
                       0                        0                        0                        1

0.5 0.8165128813 -0.1671035893
     0.99501976292342098     0.066530947849359576     0.074224688413522616      0.11074462528090134
    0.025680169718147579     -0.89061138032061493      0.45403953366051292     -0.22127683558544203
    0.096313032737350049     -0.44987220654500854      -0.8878844505357999        6.324970488720111
                       0                        0                        0                        1

0.5 0.03738319688 -0.2471260359
     0.94834710540437439      0.30925725022762018     0.070694560277261342      0.14716367052622115
     0.24170384951073548     -0.84871853330357927      0.47037867761912089    0.0098603775274973549
     0.20546779991725234     -0.42899511000554807     -0.87962843223061615       5.8831085441266762
                       0                        0                        0                        1

0.5 -0.6911152676 0.1298964625
     0.97813327072716194      0.14413639065734832       0.1499333371363985      0.20470351146326146
     0.12149178981171896     -0.98110356143653843      0.15058401888940642      0.16701150597597481
     0.16880476801598285     -0.12907556943439119     -0.97716142354795088        5.414582927743492
                       0                        0                        0                        1

0.5 0.61107173 0.1108381894
     0.99039024530376707     0.075081998724238624      0.11614583709594492      0.27034264528468877
    0.016440202513505617     -0.89776463932235617      0.44016857239438878      0.31576248602450407
     0.13732036174019951     -0.43402919930573003     -0.89037170462766169       4.9438105319755019
                       0                        0                        0                        1

0.5 0.2047803723 -0.262411539
     0.93552316004870528       0.3403252324191483     0.094737285116988507      0.32419652108801983
     0.24248438400497804     -0.81365099562396881      0.52836860318706491      0.55825610584428553
     0.25690025404076816     -0.47132875310018679      -0.8437129049474188       4.5101300392409946
                       0                        0                        0                        1

0.5 -0.3783907215 -0.01517050203
     0.93041941808050455      0.33050436573296832       0.1583874069810598      0.38755515990361189
     0.25548206464490431     -0.89474824064565139      0.36627107517013635      0.78255571054904061
     0.26277104312216837     -0.30032057887024549     -0.91692907512169564        4.068620652733669
                       0                        0                        0                        1

0.5 -0.1211105371 0.2703932034
     0.98356236197309421     0.060056370216876417      0.17028890893502591      0.47040749081554861
   0.0043729458480264612     -0.95071524062567692      0.31003452805561943      0.95177350475291578
     0.18051580943096993     -0.30419362853030663     -0.93535035088839702       3.6055605809909164
                       0                        0                        0                        1

0.5 -0.9187573497 0.2743665211
     0.95264195046274924     -0.28004780839927079       0.1185180966320942      0.54915037760785279
    -0.26343863893711011     -0.95470104657595911     -0.13836905427779234      0.99476653116878322
     0.15189930129362633      0.10059391968470599     -0.98326368060097447       3.1181218992577464
                       0                        0                        0                        1

0.5 -0.3696093294 -0.2580161313
     0.99504934845972481    -0.045907327622212737     0.088143697451742026      0.59900986497515052
   -0.015800627092028344      -0.9487140566286788     -0.31574036634338376      0.88119299744908086
    0.098117961216976274      0.31278452011847102     -0.94474266848749966       2.6344836535988181
                       0                        0                        0                        1

0.5 -0.1745180343 0.1645361402
     0.97347843002696888      -0.2155371318890085     0.076703918083029829      0.64083886444316029
    -0.16852423113853282     -0.90233091575003743     -0.39673480059211419      0.70290546867311243
     0.15472339768565807      0.37328630199721813     -0.91472291266254357       2.1693971591217691
                       0                        0                        0                        1

0.5 -0.3940559113 -0.2407117424
      0.9983563439223786     0.010503625786483447      0.05634078802501398      0.67224136021421821
    0.040702250347594955     -0.82202745484918083     -0.56799136462698019      0.46106361062304135
     0.04034770584040355      0.56935097902744924     -0.82110384563336514       1.7338282751547727
                       0                        0                        0                        1

0.5 0.2066523349 0.0208101311
     0.99841906324030805   -0.0044814395164270672     0.056029374958206708      0.70026937445466253
    0.023008511005058851     -0.87689079956523464     -0.48013866128356408      0.19879485960223037
    0.051283355776282735      0.48066874491452366     -0.87540137941553398       1.3093200983741868
                       0                        0                        0                        1

0.5 0.8970747888 -0.2043152543
     0.97636138050122168      0.21601066640146854    0.0076056996090635223      0.72031571439458708
     0.21609257527690681     -0.97475079499226891    -0.056257324608745329     0.062859503924245441
  -0.0047385204382917392     0.056571014333604785     -0.99838733303328853       0.8329146553148572
                       0                        0                        0                        1

0.5 0.1417248524 -0.1221451051
     0.94276019467963679      0.33325949420727247    -0.011888012799776724      0.71959144022388943
     0.33339206184661363     -0.94271450428527404     0.011793918256189549     0.051838274174913795
  -0.0072765668606988168    -0.015082205769817676     -0.99985977949102367      0.33314124346174001
                       0                        0                        0                        1

0.3337908844 -0.07438416174 -0.06025072333
     0.92097581385093341      0.38960887709270642    -0.002910874812249031      0.71708265375830271
     0.38955500141567012     -0.92093326119126895    -0.011350299716362745     0.051897268147938436
  -0.0071028989609217179    0.0093194056771224772     -0.99993134639542924   -0.0006316345460004591
                       0                        0                        0                        1
