5
23
    -0.70709999999999995                        0      0.70710678118654757      0.35354999999999998
     0.70709999999999995                       -0      0.70710678118654757      0.35354999999999998
                       0      0.99999040995401556                        0                     8.75
                       0                        0                        0                        1

0.5 0.5206263005 0.06364076081
    -0.69985443562462613      0.22633770468257836      0.67746986824179722       0.7021520507147907
     0.71149880339964766      0.13741028486477114      0.68911412434679642      0.70409741761975253
    0.062881181586594476      0.96429857716904133     -0.25720620340893097       8.6853108577811842
                       0                        0                        0                        1

0.5 0.7094527734 -0.02539891393
    -0.70827923934190129      0.43005425279732745      0.55980734969111479       1.0144887061151695
     0.70478298629198444      0.38583138168432363      0.59531965962910882       1.0288853566704534
    0.040028508188993582      0.81619525135088999     -0.57637127808767608       8.4747228526231826
                       0                        0                        0                        1

0.5 0.5535692633 0.5034393008
    -0.37823081220340082      0.84485649402870155      0.37835085198461821       1.2538385676374324
     0.84197984203634324      0.14413250069413525      0.51989054410338065       1.3048850133679082
     0.38470024793355662       0.5152024133414147     -0.76586749018811495       8.1356726558105734
                       0                        0                        0                        1

0.5 0.4355463572 -0.3536488509
    -0.65954449508439561      0.72312992405662369      0.20512089590709978       1.3985987835305187
     0.72082707260646584      0.53114889704659551      0.44528596493015316       1.5497010193794918
      0.2130498683811565      0.44154260183515626     -0.87156795738910264       7.7256434840080752
                       0                        0                        0                        1

0.5 0.9083678969 -0.5041485092
    -0.93871608824331343      0.34154230133310343    -0.046382885564172222       1.4310059637085377
     0.33593396133103215      0.93671178563225688     0.098538389889771816       1.6933916668622866
    0.077102424012203741     0.076917985413584578     -0.99404208146906847       7.2522871562620423
                       0                        0                        0                        1

0.5 0.9433338274 -0.04490121411
    -0.95207363525629851      0.24226041758398933     -0.18669786587395082       1.3707772706393393
     0.29407409993581801      0.89280832552755907     -0.34118049125882632       1.6318650705704147
     0.08403088072661706     -0.37973195745814103     -0.92126178232319922       6.7644529880283635
                       0                        0                        0                        1

0.5 -0.9968886953 0.4504082583
    -0.73780658519436026      0.67311930366107231     0.050420788199613209       1.3276916624181994
     0.67478518839467083      0.73364431815997544     0.080133475868407245       1.5699340513600013
    0.016948464696689938     0.093146207254508007     -0.99549854526188297       6.2753672537893976
                       0                        0                        0                        1

0.5 0.534514368 0.1678451134
    -0.61526462341090371      0.77492032274486378     -0.14470088657653402       1.3052571513253846
     0.78824593858089798      0.60708550140769024     -0.10052832581562171       1.5634236708325555
    0.009944367595410137     -0.17591140867808536     -0.98434602952925987        5.777404975542078
                       0                        0                        0                        1

0.5 -0.4521528222 0.2145871349
    -0.43412331019533446      0.89966580296042986     0.046138969739371372       1.2794396811174777
     0.90083621324216734      0.43377099063249525     0.018090179579414584        1.544449380847243
  -0.0037386306735973998     0.049417023423953682     -0.99876163344243574       5.2795020546255946
                       0                        0                        0                        1

0.5 0.8655391475 -0.5714511286
    -0.84289244125895568       0.4691780236684106     -0.26342878463661074       1.2172873400728583
     0.53060887570182025      0.80600806049761287     -0.26228922478692368       1.4901700192028877
    0.089265383669149684     -0.36085925624009824     -0.92832812542992704       4.7902673425864437
                       0                        0                        0                        1

0.5 0.8954223627 0.5938747861
    -0.48076876734764712      0.69361211468497219     -0.53642710288096407       1.0215492161345738
     0.84372684062625647      0.19942325478443629     -0.49834304836930965       1.2885906238742488
    -0.23868073680688487     -0.69218571782083393     -0.68109563052641819       4.3816728894787396
                       0                        0                        0                        1

0.5 0.3069567955 -0.04403931311
    -0.50891108164637333      0.58172557871807584     -0.63450395746806598      0.72810063990293483
     0.83584579326863706      0.15772565102254937     -0.52580874744020223       1.0322859081549063
    -0.20579884813164362     -0.79793736206090382       -0.566501209473532       4.0690971172379999
                       0                        0                        0                        1

0.5 -0.242443691 -0.3643348475
    -0.69616107454581155      0.43351480746916526     -0.57220195734739743      0.42717460647166089
       0.713516422784361      0.50552520100389686     -0.48510720007744379      0.77779588511129605
    0.078961355059387631     -0.74598824339254843     -0.66124690179031087       3.7618970520584827
                       0                        0                        0                        1

0.5 0.07234011358 -0.5214839398
    -0.81427837097253086    0.0091270137621848393     -0.58039455733673595      0.13838295711021015
     0.37137843739543996      0.77662894192413912     -0.50883784529407017      0.52972007328033521
     0.44610704094623932     -0.62988167553176377     -0.63578172578919578       3.4378156798427373
                       0                        0                        0                        1

0.5 -0.6002726592 -0.05550966053
    -0.81832976326336093      0.13570867562328043     -0.55848900071344831     -0.14792338561327617
     0.32416062881157343      0.91138924209475736     -0.25353490119198119      0.33743899484675849
     0.47459398141344555     -0.38851530132705259     -0.78980835234940594       3.0783950123467667
                       0                        0                        0                        1

0.5 -0.1356738247 0.2942187331
    -0.73832350672385805      0.40400887305721689     -0.54004225752252222     -0.42331571567150139
     0.57683941422091711      0.79316713341021594     -0.19527569915145226      0.22557101288547346
     0.34945065416988275     -0.45569429845928699     -0.81866218103191934       2.6764675521359793
                       0                        0                        0                        1

0.5 -0.6251080036 0.3424850848
    -0.53394002368965032      0.76806355561982897     -0.35352062971051801     -0.65146462729248056
     0.81589502041926465      0.57773858160230684     0.022887922212404654      0.18528971693015631
     0.22182188609131911     -0.27621494366799648     -0.93513698234289477       2.2356719685351276
                       0                        0                        0                        1

0.5 -0.738811593 -0.6080175293
    -0.90597954357026722      0.40365705998690582     -0.12748511503284449     -0.76605925917935158
     0.35141792922310205      0.88510972926056242      0.30508460496858841      0.26251142326979493
     0.23598787034036009      0.23159985602814614      -0.9437436366619717       1.7580688342639874
                       0                        0                        0                        1

0.5 0.8081711121 -0.2892032484
    -0.97356188903673513     0.054055285635655058      -0.2219136866217844      -0.8593195364412306
    0.073987634168807423      0.99383173421772686     -0.08255134191451402      0.31998285832371054
     0.21608252765518199    -0.096787709039635517     -0.97155612324816643        1.273691977557954
                       0                        0                        0                        1

0.5 0.9312819429 0.4874774473
    -0.86204784411348412      0.38600004179140085     -0.32843247737751435     -0.99041646811748851
     0.50510523914573324      0.70743915904293408     -0.49435710133481114      0.17015669558605651
    0.041524133823223924      -0.5920524384568604     -0.80481704531372622      0.81991612666016844
                       0                        0                        0                        1

0.5 -0.6282603671 0.2366311812
    -0.73716910696133697      0.65583195382414239     -0.16265474504309221      -1.1167291763067266
     0.67240299073234877      0.68828403909544744     -0.27226771674337075    -0.021248143506732764
   -0.066609203738742712     -0.31007688662989585     -0.94836509760492627      0.37792033193374086
                       0                        0                        0                        1

0.5 -0.4201826877 -0.3802373004
    -0.93270901739611067      0.35645707276915972     -0.05461368089429644      -1.1684173331237031
     0.36029249729567764      0.92747832311527423    -0.099818267585256776      -0.1163701155245959
    0.015072077702666005     -0.11277829775354198     -0.99349620433574792     -0.10927756395870891
                       0                        0                        0                        1

16
                       1                        0                        0                        0
                       0                       -1                        0                      1.7
                       0                        0                       -1                      6.5
                       0                        0                        0                        1

0.5 -0.5717432764 -0.1597002585
     0.98736145430752909      0.15686149715334091      0.02262364379434588    0.0037841360955921236
     0.15686149715334094     -0.94686397374389453     -0.28079011011204369       1.6291684183571222
   -0.022623643794345883      0.28079011011204363     -0.95950251943636555       6.0067737973323148
                       0                        0                        0                        1

0.5 0.3510306231 0.4539678276
     0.95692838018756254     -0.28828009766432461     0.034389831087911715     0.014769197064857938
    -0.28302728027425422     -0.95269987846958937     -0.11071811136660553       1.5312485147502408
    0.064681015856017807     0.096216042605569235     -0.99325668350792229       5.5172288213833598
                       0                        0                        0                        1

0.5 0.6541944928 -0.391673259
     0.99102630013817106      0.11796077444113527     0.062865953645001194     0.044644000382767703
     0.10231677862930484     -0.97209610367828847      0.21109344382147796        1.556076841252626
    0.086012494704953479     -0.20276691275140868     -0.97544217145246137        5.020961458147343
                       0                        0                        0                        1

0.5 -0.4234713879 -0.3943292687
      0.8728570278559401      0.47134339241571643      0.12631712215111152     0.088811655485501545
     0.47381519892856777     -0.88054767447937032     0.011616808221456498       1.6109440251037253
     0.11670375395323208     0.049711159662759963     -0.99192188927264191       4.5268855278513085
                       0                        0                        0                        1

0.5 0.03138537472 0.196822629
     0.94836889157589388      0.29347092634353805      0.12029655390815006      0.15034869481909002
     0.29249746327433124     -0.95591077909103594     0.026073288930422461       1.6203172402755364
      0.1226445248235405     0.010459340736094754     -0.99239554751226822       4.0307804866916204
                       0                        0                        0                        1

0.5 0.4870482883 0.3037227452
     0.99646850539609599     0.019252506712221486      0.08173040278236289      0.19806593021135155
  -0.0029258125394604007     -0.96480694979570425      0.26294293914629546        1.692480800449738
    0.083916371314871285     -0.26225348541288179     -0.96134341003313717       3.5395715592674275
                       0                        0                        0                        1

0.5 0.005328707863 0.1234172659
     0.99127260467978839     -0.10334610049101334     0.081842572812993009      0.23894556039879819
    -0.12163202169352441     -0.95640599799828452      0.26550558994426138       1.8245938655888738
    0.050835760150652498     -0.27314309529293596     -0.96062925990399639       3.0590771825687049
                       0                        0                        0                        1

0.5 -0.9251983385 -0.08148061084
     0.99767082590784439     -0.05080458337000069     0.045517221366874631      0.26976902922940488
   -0.041228785424128306     -0.98072831070893918     -0.19097687772722899       1.8436965884395404
    0.054342528325535308       0.1886554395785883     -0.98053863500251648       2.5648511530983673
                       0                        0                        0                        1

0.5 -0.3092600433 -0.2222502254
     0.98511217413232011      0.16312698535613668     0.054254870978681119      0.29333202190340352
     0.17183544659977953     -0.92488120423099518     -0.33921576813597254       1.7107881682898887
  -0.0051559352351274457       0.3434884928332278     -0.93914273229526135       2.0839320137443811
                       0                        0                        0                        1

0.5 -0.06099772453 0.1407747749
     0.99813635920402344     0.021588760492054469     0.057076561348370844      0.32134480699670287
    0.041112474150909191     -0.92909977211791528     -0.36753690688096657       1.5341053622870491
    0.045095153887401943      0.36919850876033367      -0.9282558312367436       1.6170496896315545
                       0                        0                        0                        1

0.5 -0.6837807312 -0.1148119915
     0.99031160721838518      0.11323606271761437     0.080377327081411945      0.35439988466362538
     0.13808310360825585     -0.74175803872560497     -0.65629876465208636       1.2754718770515991
   -0.014696159581721793      0.66103903522118568      -0.7502075824779384       1.1932674012607953
                       0                        0                        0                        1

0.5 -0.5213800604 0.3624225915
     0.96230111083782455     -0.26523383870898365       0.0602294187584968      0.39367626426095204
    -0.10033226926081283     -0.55199291612721346     -0.82779058722019172       0.9023814145221325
       0.252804287592725      0.79054084736278596     -0.55779490928625663      0.86485542372113422
                       0                        0                        0                        1

0.5 0.2568551395 -0.3293463068
     0.99493765520730038     0.069112179647338179     0.072955937900854695      0.42876547607286353
     0.10041192636647056     -0.65433224647916177     -0.74951101143405974      0.50750723791482177
   -0.004062916929228437      0.75304237453275313     -0.65795947813227773       0.5607157477970548
                       0                        0                        0                        1

0.5 -0.06704064691 -0.4084195134
      0.8861604896173717      0.45608623848121632     0.081883635173063268      0.46693337157168086
     0.34691959490103474     -0.53585722820317871     -0.76974270094370323      0.12752787312720903
    -0.30719111529274762      0.71052260629093356     -0.63308075680337728      0.23801524245962213
                       0                        0                        0                        1

0.5 0.9844411565 0.5718604276
      0.9957606451043135    -0.091135381121133549    -0.012453110830107986      0.47295997650601329
   -0.088632617437634842     -0.91446145621708697     -0.39484744423571638     -0.17145921894355992
    0.024596682450994015      0.39427729759805991     -0.91866229693569967     -0.15646884387522275
                       0                        0                        0                        1

15
                       1                        0                        0                        0
                       0                       -1                        0                     -1.7
                       0                        0                       -1                      6.5
                       0                        0                        0                        1

0.5 -0.452532189 -0.2781531166
     0.96172810828296373      0.27223116383706575      0.03113260628968937    0.0052111068070252679
     0.27223116383706575     -0.93640301639686374     -0.22144883002348725      -1.7559630729118227
    -0.03113260628968937      0.22144883002348723     -0.97467490811390023       6.0042390205782388
                       0                        0                        0                        1

0.5 0.9430189943 0.04517325778
     0.97293330811065859      0.21455731075422554    -0.085825045125330859   -0.0095993363658985042
     0.22890767588911484     -0.94570305368253837      0.23075313686831156      -1.7538203937552481
   -0.031655234762900372     -0.24415342442291588     -0.96921981585947226       5.5090836221064166
                       0                        0                        0                        1

0.5 -0.3097601379 0.2595050198
     0.99696852182802143    -0.030730382980905455    -0.071480137422202106     -0.04734029330387491
   -0.025039598109287031     -0.99654500553953373     0.079190090672610292      -1.6760059861457846
   -0.073666715758036988    -0.077160193727450782     -0.99429347754743258       5.0171259913216693
                       0                        0                        0                        1

0.5 0.4675378385 -0.2912082078
     0.96633218941323451      0.23868799790368403     -0.09607361427860997    -0.086598376586834558
     0.25684972737451706     -0.91690308629241335       0.3054782281850601      -1.5790613555778543
   -0.015176206754667618     -0.31986992669549047     -0.94733991404583029       4.5293480475897878
                       0                        0                        0                        1

0.5 -0.9500228674 0.3072136492
     0.99823839423562399    -0.036543614611122544    -0.046740480368050702     -0.11682519924672885
   -0.043552097960617854     -0.98631737068021974     -0.15900081464472754      -1.5410607608543567
    -0.04029048320771482      0.16075636387282433     -0.98617141939790409        4.036406463673524
                       0                        0                        0                        1

0.5 0.7875389783 -0.541172992
     0.88056747771289845      0.45506222400228785     -0.13236045285671597     -0.15347376131424004
     0.47371270173550922     -0.85343157539018621      0.21737254274969814      -1.5242711112837117
   -0.014042557060155489     -0.25411201941883166     -0.96707284533177518       3.5412372629989597
                       0                        0                        0                        1

0.5 0.4884276637 0.01421795452
     0.88665598456327177      0.39711575554257394     -0.23693932079328894     -0.24638893236996645
     0.46202717319079295     -0.78213365429163517       0.4180883137062526      -1.3646796751055423
   -0.019288760236453855     -0.48017291002748563     -0.87696175526888076       3.0779260154647621
                       0                        0                        0                        1

0.5 -0.6480143089 -0.07988305982
     0.84967786285255742      0.52008296549776678    -0.086955381531901715     -0.32902579132300969
      0.5272532681171721     -0.83572274503966237       0.1535300774543297      -1.2210502622637129
   0.0071777878257376377     -0.17629861718805362     -0.98431055919334154       2.6084979088902438
                       0                        0                        0                        1

0.5 -0.693942104 0.1510179626
     0.91903577300360439      0.38746846582891936     0.072397761898073468     -0.33074338026214106
     0.39411911560785673      -0.9063437388719886        -0.15235205846993      -1.2197323358400776
    0.006585639843442341       0.1685503337158592     -0.98567104773962244       2.1110050429090719
                       0                        0                        0                        1

0.5 -0.2176878867 -0.3339401031
     0.74287180656815943       0.6567261113270314      0.12981638458774561     -0.28141348940032396
     0.66610821709137735     -0.70584489743853152     -0.24100378396061456      -1.3189824667013139
   -0.066643245190376094      0.26550667686757595     -0.96180293325048261       1.6236959279794263
                       0                        0                        0                        1

0.5 0.9642238542 0.3048667342
     0.90809121772295787      0.39760383112269204     -0.13145924756741867     -0.28705790087665406
     0.41503943127259785     -0.89632361686044693      0.15603283099118698      -1.3440724528915398
   -0.055790776866366215     -0.19625281484545312     -0.97896487264961851        1.129177458233523
                       0                        0                        0                        1

0.5 -0.4246114199 -0.307377741
     0.74205761200865727      0.67012605965236782    -0.016779887806503302     -0.32653406166444399
     0.66983834264735886     -0.74223872503023147    -0.019956697746241869      -1.3114196464091892
   -0.025828185756011597    0.0035692072350377302      -0.9996600249986326      0.63274946889158412
                       0                        0                        0                        1

0.5 -0.5626710388 -0.5371123779
     0.29874893862669494      0.92970019868696108      0.21542193999415901      -0.2799351669912481
     0.94936271172538467     -0.26651759386870588     -0.16636950965804573      -1.3636122216131534
   -0.097260029070765266      0.25421627154818305     -0.96224455001070019      0.13931699959667698
                       0                        0                        0                        1

0.3454199397 0.8332660412 0.486404451
     0.70753845477530741      0.70617867656037803    -0.026476627156837074     -0.24916425858279598
     0.70583377056541374     -0.70802758064628624    -0.022262824923547392       -1.399868480364665
   -0.034467714510535041   -0.0029362928326252535      -0.9994014983182794     -0.20162079213557754
                       0                        0                        0                        1

15
                       0                        1                        0                      1.7
                       1                       -0                        0                        0
                       0                        0                       -1                      6.5
                       0                        0                        0                        1

0.5 0.9378417474 -0.5810950878
    -0.52858157516701176      0.73393547262244141     -0.42654453509620044       1.5881164412844597
     0.83886454483599016      0.52858157516701176     -0.13002997274116226    -0.022082608032496225
     0.13002997274116229     -0.42654453509620049     -0.89507092778645125       6.0178197958828905
                       0                        0                        0                        1

0.5 -0.2378011998 0.3914381218
    -0.19951550474804275      0.92386836996838695     -0.32658964823932979       1.3988892962911392
     0.97965656007345003      0.18071532551191175    -0.087263941179496068    -0.074677864043787817
   -0.021600640504127012     -0.33735620062047056     -0.94112921866911148       5.5583266657416592
                       0                        0                        0                        1

0.5 -0.4864410344 0.3447445264
     0.13478919809783904      0.98671126375825069    -0.090734525119920223       1.2939194937845369
     0.98637275173341077      -0.1423317224920001    -0.082525604574091277     -0.11384167694232072
   -0.094343344831527121    -0.078374503156678765     -0.99244988313815796       5.0722995014339283
                       0                        0                        0                        1

0.5 -0.5434072274 0.4177963334
     0.52370065095422713      0.83632159582952226      0.16218451387009813       1.3134916398531358
     0.84960581891328124     -0.49876694098243124     -0.17146862993480971     -0.17328823465184096
   -0.062510644364070223      0.22759113983674656     -0.97174826596655128       4.5777717077961988
                       0                        0                        0                        1

0.5 -0.05860163737 -0.1151661484
     0.42441566783047879      0.88585313862375736        0.187444812386065       1.4008384857315388
     0.90099518364695352     -0.39262129094813703     -0.18454322241472682     -0.26242081801869943
   -0.089883368567279603      0.24720990814418628     -0.96478403872076046       4.0936146740695385
                       0                        0                        0                        1

0.5 0.2651510201 -0.4966802922
   -0.053689343828887619      0.99676382731410051     0.059827476274452229       1.4632719418419955
     0.98476156295347284       0.0627774218987254     -0.16218402951333713     -0.34657586771109977
    -0.16541498870615415      0.05020824491949552     -0.98494518307033063       3.6050893120175482
                       0                        0                        0                        1

0.5 0.008414240088 -0.3688732573
    -0.40952058146724679      0.91059469596121045     0.055769104726894878       1.4921559475594823
     0.89601005777243747      0.41295635848568574     -0.16319626943308152      -0.4278594175671519
    -0.17163586375044598    -0.016862552403258638     -0.98501613418313416       3.1125871986636167
                       0                        0                        0                        1

0.5 0.7028375808 -0.08144448554
     -0.4815313991247035      0.83852879104307332     -0.25494504946919033       1.4413044443087883
     0.86247233458269856      0.40166596132831944     -0.30790571217446838     -0.54580059169991024
    -0.15578505620397529     -0.36814932038785408     -0.91662265636492202       2.6320226118690107
                       0                        0                        0                        1

0.5 0.8923024619 -0.5450579348
    -0.80335388418972209      0.29311391597886155     -0.51836933649360861       1.2377519419900798
     0.57421110073919168      0.61196340931756465     -0.54385880285631927     -0.75479965469737365
     0.15781048300152106     -0.73456450902283565     -0.65993244619344749       2.2310153136536175
                       0                        0                        0                        1

0.5 -0.8018702078 0.4129465903
    -0.58052059665638667      0.75616213218880013     -0.30201765958533094       1.0248766318794846
     0.80936676881309444      0.49533619045115795     -0.31554316974129742      -0.9676909740176789
   -0.089001519081219532     -0.42762236643213752       -0.899565362454677       1.8359846636618149
                       0                        0                        0                        1

0.5 -0.9423765386 0.03344393318
    -0.55350721202022257      0.82912986040274084     0.078571246840892228      0.96757710853316303
     0.82731957087288976      0.55823165131692276    -0.062607915782903312      -1.0634681789589948
   -0.095771049343206086     0.030349597303963527      -0.9949406052881693       1.3533332625561592
                       0                        0                        0                        1

0.5 0.5818156209 0.2024949232
    -0.37558624996903794       0.9097220587990531     -0.17703317363875137      0.94394054923349568
     0.91939683220344182      0.34165513399292358     -0.19488774807707548       -1.130472766481502
    -0.11680939075464819     -0.23596089750356875     -0.96471654960451381      0.86018420280234542
                       0                        0                        0                        1

0.5 0.2571026837 0.02414591699
    -0.35384778839732384      0.88830119167591781     -0.29276737440067963      0.82637564277698217
     0.92705323812912588      0.29161856037774869     -0.23564997118079928       -1.238375283943093
    -0.12395174997000008     -0.35479516359493057     -0.92669107882239876      0.38669560144394904
                       0                        0                        0                        1

0.5 -0.177496735 -0.1989584648
    -0.52478688909444904      0.82323684989872958     -0.21651745888816437      0.69929522307429781
     0.84914286456251131      0.48846374758302419     -0.20089689609279654      -1.3482404809027333
   -0.059624798508200086     -0.28928231239736063     -0.95538506746593677     -0.08406588358100836
                       0                        0                        0                        1
15
                       0                        1                        0                     -1.7
                       1                       -0                        0                        0
                       0                        0                       -1                      6.5
                       0                        0                        0                        1

0.5 -0.2811520253 -0.3783906466
    -0.36819814299491554       0.9196297023763802      0.13678939287176578      -1.6653306127122929
     0.92937707082929732      0.36819814299491554     0.026237143744148497    0.0043967468631732785
   -0.026237143744148497      0.13678939287176578     -0.99025263154708276       6.0016334366304305
                       0                        0                        0                        1

0.5 -0.8078353833 0.2736232054
    -0.12032831400741729      0.85605107824185567      0.50269040998321135      -1.5043863709069727
     0.99064748542270631     0.070728603589940334       0.1166834360990724     0.045153249039916035
    0.064332390549408466      0.51202931173437105     -0.85655550167576666       5.5335909562401007
                       0                        0                        0                        1

0.5 0.2125099767 -0.2457628227
    -0.33112127235464556      0.84910632183705481       0.4115545616447337      -1.2758559112582226
     0.94221860608159924      0.32102481470968613     0.095745322048966089     0.099369899075369805
   -0.050821268656824764       0.4194776782582833     -0.90634192008046865       5.0924563573500965
                       0                        0                        0                        1

0.5 0.8253126848 -0.1955006414
    -0.50150917693981356      0.86359387387500919     0.051905360519950816      -1.1597409615771532
     0.86012561169510704      0.50415516443640196    -0.077533878261202435      0.10708250266831031
   -0.093126137852211563    0.0057611784957505296     -0.99563765058934506       4.6098231740082456
                       0                        0                        0                        1

0.5 -0.1184418858 -0.4402186374
    -0.82083465785643905      0.56323305530843526     0.094863005801145206      -1.1223052692211961
     0.56243775258994744      0.82598940355411476    -0.037487060139298464      0.07753050572417694
   -0.099469788997826505     0.022583857603238548     -0.99478426327143132       4.1121760477765648
                       0                        0                        0                        1

0.5 -0.222255575 -0.3472749935
    -0.96136542893322086        0.237114548715397      0.13983276740284631      -1.0621179348218022
     0.24764989677535512      0.96678312766153296      0.06324486300199364     0.083316586684787738
    -0.12019168307000654     0.095430995260861559     -0.98815326972303241       3.6161036088596998
                       0                        0                        0                        1

0.5 0.8655770067 -0.2351298077
    -0.99582111776798066     0.050014510098196879     0.076412369332246294      -1.0114443191901967
    0.019548580425385702      0.93405004365605782     -0.35660674271453385     0.009383445370156146
   -0.089208488445228606     -0.35362277178619977     -0.93112447119789654       3.1281535215136218
                       0                        0                        0                        1

0.5 0.5368307582 -0.4928985471
    -0.90629797211752261     -0.40368065346951892      0.12516355599809867     -0.96615129295130764
    -0.39638682770524558      0.70912581456831703     -0.58311067725998122      -0.2280747626600331
     0.14663379063994381     -0.57808520922718987     -0.80269298135421441       2.6921754973239649
                       0                        0                        0                        1

0.5 0.1359373401 0.4900625353
     -0.9874848568358795     0.079134298774970274      0.13642367931271154     -0.89938152765094292
   -0.025755433111758028      0.77248132515576573     -0.63451498008385854     -0.53230101613325365
    -0.15559664258925898     -0.63008758521572761     -0.76077547264088619       2.3011605072973911
                       0                        0                        0                        1

0.5 -0.617892147 -0.5419471167
       -0.87621498275942     -0.47636058958655048     0.072992415199557403     -0.83982994246366183
    -0.46552762620599941      0.79747710712268993     -0.38381544113575583     -0.78720749242814647
     0.12462476971660902     -0.37028482591645773     -0.92052040415685576       1.8774702670620047
                       0                        0                        0                        1

0.5 -0.1853157794 0.04055481926
     -0.8949178656143878     -0.44520365328846806     0.030260880733894477     -0.81413692799355408
    -0.43213818083372491       0.8477515553849998     -0.30752868647986986     -0.96023765427928987
     0.11125918600236269     -0.28828979767053253     -0.95105750934902755       1.4092591727691537
                       0                        0                        0                        1

0.5 -0.4288011747 0.2139210229
    -0.96907492450783084     -0.24280093418929855    -0.044062422163863975      -0.8193982196460956
    -0.23673510506768708      0.96513334782394355     -0.11168755949853851      -1.0660919359873253
    0.069643956799809753     -0.09780249114901074      -0.9927660308483135      0.92159898916077698
                       0                        0                        0                        1

0.5 -0.9390200237 0.1170349066
    -0.98869967678722781    -0.085995726939331482     -0.12279122146557611     -0.86419123546539978
    -0.12353822330981572      0.93138775176898092      0.34242541266117932      -1.0077447198124341
    0.084919117413491063      0.35372530415974041      -0.9314865284558943      0.43166798556477076
                       0                        0                        0                        1

0.5 0.7253721659 0.01302542935
    -0.98999929687784283     -0.11136040444888476    -0.086603998189222153     -0.91692419343956755
    -0.11086070327657289      0.99377970864909226    -0.010573322389419604      -0.9238367587103824
    0.087242745545985698  -0.00086660158536761012      -0.9961867055684348    -0.055620687526389712
                       0                        0                        0                        1