2
19
                       1                        0                        0                        0
                       0                       -1                        0                     0.75
                       0                        0                       -1                     8.75
                       0                        0                        0                        1

0.5 0.08155882312 -0.3652983377
     0.93402639193912973      0.35712806981301237   -0.0073648430263993005   -0.0012330285945767773
     0.35712806981301226     -0.93320423116305895     0.039867338649525866      0.76008058655851918
   0.0073648430263993014    -0.039867338649525866     -0.99917783922392944       8.2501376468911296
                       0                        0                        0                        1

0.5 -0.02594703529 -0.3207109286
     0.77380896275472455      0.63341843065325432  -0.00088366805193778458     -0.00344476585373124
     0.63317736992433882     -0.77347443403207405     0.028700489794774117      0.77713605099085847
    0.017495924558440762    -0.022768214851658853     -0.99958766549828637       7.7504370116427754
                       0                        0                        0                        1

0.5 0.4142474611 -0.8975167249
  -0.0078142398067387094      0.98340376595700651     -0.18126216030330461    -0.045917202915007983
     0.99332050951758988     0.028502406406669359      0.11181224530768162      0.81928530923117815
     0.11512299087479835     -0.17917769373057338     -0.97705785450066029       7.2549063120532189
                       0                        0                        0                        1

0.5 0.2494179632 -0.7787915932
    -0.68610592221555233      0.66725515121963819     -0.28987795133746408     -0.16536229286721421
     0.68226272339738514      0.72847327490071201     0.062002129139373113      0.86641437385605335
     0.25253958058714343     -0.15523289253985539     -0.95505314475717995       6.7720042937893883
                       0                        0                        0                        1

0.5 -0.08192519867 -0.8582695546
    -0.95813526275434291    -0.072842834641178258     -0.27689481704810837     -0.30577648233559879
    -0.10399674912056456      0.98958520204695422     0.099527905946242723      0.90634564124131034
     0.26676111867928148      0.12415735713652941     -0.95573189558047611       6.2938252045790977
                       0                        0                        0                        1

0.5 0.2983514068 0.1784586048
    -0.95949848111797265     0.057634076565046599     -0.27575528635150154     -0.44312727660416418
     0.07398258134308687      0.99604281749194779    -0.049247166218139807      0.91895600071723327
     0.27182575740742021    -0.067653669088955593     -0.95996548826959593       5.8137075511861962
                       0                        0                        0                        1

0.5 -0.1865960206 0.5461509303
    -0.78328343872961548      0.57107071994672476     -0.24565277818791093     -0.57548552242804107
     0.58103210469239086      0.81302219238474338     0.037371218961079408      0.91670215844227365
     0.22106276920512835     -0.11345989383670314     -0.96863724095345594       5.3317358545629236
                       0                        0                        0                        1

0.5 -0.06617457606 -0.1979721275
    -0.88108564729643035      0.41365007558585809     -0.22930699312503539       -0.694008293466575
     0.40992893128397367      0.90972881197300215      0.06596787068392089      0.94240351792196486
     0.23589479312738137    -0.035876226585377619     -0.97111613257188956       4.8466904795788581
                       0                        0                        0                        1

0.5 0.3056869321 -0.5912718851
      -0.951412552065244     -0.18320646194048265     -0.24748646038915137     -0.81703156387766351
    -0.16749596310350018      0.98234762319603197    -0.083296155644417502      0.93853681848273107
     0.25837813010533889    -0.037796024980921911      -0.9653042019896676       4.3625730930651274
                       0                        0                        0                        1

0.5 -0.3318443249 -0.782599017
    -0.56193514458742078     -0.75847773704593657     -0.33006123020310979     -0.95739831391544594
    -0.81337326336760019       0.5792640042443653      0.05363905131082998      0.93393941470756148
     0.15050856359774525      0.29860464797531083     -0.94243431415207035       3.8832875926581796
                       0                        0                        0                        1

0.5 0.3777544757 -0.1117180042
    -0.47091693239874804     -0.86440600340055629      -0.1761803169063762      -1.0847930138012858
    -0.87307750704597142      0.48528169459262327    -0.047300566420552581      0.93478381166700464
     0.12638397632036394      0.13154443423569795     -0.98322080549135182       3.4005580116771936
                       0                        0                        0                        1

0.5 0.412317289 -0.6829700668
     0.18776322924329547     -0.98195321480665498     0.022646272872277801      -1.1241949188183396
     -0.9787805951100057     -0.18898330516874376    -0.079207682730920548       0.8973151183637853
    0.082058006192169367    -0.007293442148515572     -0.99660086761019373       2.9043997434168927
                       0                        0                        0                        1

0.5 -0.0662999996 0.1072382201
    0.081562573033796132     -0.99661620165049492    -0.010182990123099308      -1.1210588406264823
    -0.99324155828502625    -0.080431409314445104    -0.083677925949594403       0.8564437473947375
    0.082575744475240229     0.016939155924448526     -0.99644082183586091       2.4061058427489974
                       0                        0                        0                        1

0.5 -0.3600119094 -0.2144995036
      0.2904940156808879     -0.93872090444544298     -0.18551628071606568      -1.1704184559722257
    -0.95511794664054905     -0.27270854558728846     -0.11567090026799377       0.8080505552652596
    0.057990817020748396      0.21079163342219315     -0.97580938324063515       1.9115874461347677
                       0                        0                        0                        1

0.5 -0.1592507625 -0.5875419847
     0.75737791557588918      -0.6037237470601492     -0.24878973096487436      -1.2801129540293075
    -0.64665914472506947       -0.746347004050114     -0.15747412514080586      0.74134498543982907
   -0.090612601449041458      0.28014957929840584     -0.95567022014791392       1.4284860751259236
                       0                        0                        0                        1

0.5 -0.1514336378 -0.859287617
     0.94386067323573541      0.19693760824178963     -0.26522180901839099      -1.4111737117255518
     0.13752279593893313     -0.96423657899437798     -0.22657294703110212      0.64602930918617996
    -0.30035730408319211      0.17737924960158974     -0.93718839711909185      0.95559974116459423
                       0                        0                        0                        1

0.5 0.3080988571 0.9175380664
      0.7127026300454925     -0.66392221621615644     -0.22641168684691459      -1.5396891054868709
    -0.69369729807647984     -0.71499112334753301    -0.087015815663735147      0.56925552358251652
    -0.10411061313636159      0.21907757609774037     -0.97013710159106292      0.47903995930093701
                       0                        0                        0                        1

0.4943526868 0.1802486645 0.5720002974
     0.23481439626048647     -0.96008776053055001      -0.1519660863095999      -1.6343084352571233
    -0.97201616155491255     -0.23082126342305936    -0.043659203243274831       0.5387430637065771
   0.0068396626289444311      0.15796530135196321     -0.98742097536152451   -0.0050476841948042805
                       0                        0                        0                        1

20
                       0                        1                        0                     0.75
                       1                       -0                        0                        0
                       0                        0                       -1                     8.75
                       0                        0                        0                        1

0.5 -0.07894712174 -0.3641862362
    -0.35609569915859118      0.93365205102213822     0.038596640565065246      0.75975852955546863
     0.93442245884298736      0.35609569915859113    0.0071078442990426052    0.0011899651145698251
   -0.007107844299042607     0.038596640565065239     -0.99922959217915075       8.2501289784064245
                       0                        0                        0                        1

0.5 -0.3456069997 -0.3383218179
    -0.64317675225336524       0.7429766003042253      0.18522806688293392       0.8170909111794491
     0.76419215558230669      0.63809392322867753     0.094055805164284773     0.024445548352429746
   -0.048311641529558247        0.202044343001753     -0.97818406690852922       7.7545958758163751
                       0                        0                        0                        1

0.5 -0.4423456313 -0.8110239301
    -0.96222576133295556   -0.0030842435707075719      0.27223532406506468      0.93841447253054788
    0.076596320648068011      0.95647897407417026      0.28156877635348865      0.11538245600685362
    -0.26125579015668265      0.29178495436814278     -0.92011246731798435       7.2791848273102921
                       0                        0                        0                        1

0.5 -0.4982022326 0.4637584569
    -0.87784959139635022      0.35852168767275178      0.31755675768835845       1.0820918578291836
     0.47602599335999235      0.72613191089383822      0.49611662099479725      0.31220574252391653
   -0.052719527035941571      0.58668104405200006     -0.80810024379352985        6.844056629290062
                       0                        0                        0                        1

0.5 -0.3543125517 -0.4523062603
    -0.93319031812426012     -0.11864786744114965      0.33923224155555964       1.2498252705589732
     0.13210286097031229      0.76459942767250955      0.63082212177945141      0.59365535678961079
    -0.33422247722527654      0.63349064614604877     -0.69784306041033439       6.4672239110759326
                       0                        0                        0                        1

0.5 0.4372926031 -0.0116877094
    -0.93218288719842912    -0.053054345380151982      0.35807862439788862       1.4247510392912786
     0.12242588362888636      0.88470315014334677      0.44979132844478564      0.86490377108969496
    -0.34065667149211543      0.46312587118700527     -0.81820991170065316       6.0866573586244535
                       0                        0                        0                        1

0.5 0.379649682 0.2084052764
    -0.91594779378098001       0.2078243130875701      0.34329097564228905       1.6021595627174108
     0.31056755302964434      0.90886091190751184      0.27842348645871257       1.0471488009959262
    -0.25414057935114193      0.36163641644105171     -0.89701263549112875       5.6570479391784056
                       0                        0                        0                        1

0.5 0.4944615092 0.08794964965
       -0.89064568334409       0.3642474465922137      0.27216550918805138       1.7576368949381496
     0.39140275872774849      0.91879447214177068     0.051191780805443732        1.129655063840316
    -0.23141768990474071      0.15212006972381134     -0.96088778594921087       5.1904120659677657
                       0                        0                        0                        1

0.5 0.446427145 0.6373936242
    -0.48294185523043759      0.86604025820698394       0.1293886997823363       1.8627282700550267
     0.86049727842507628      0.49674587890793304     -0.11308388749517503       1.1102265803889575
    -0.16220850251950203     0.056725681598069955     -0.98512466153153189        4.703014913967527
                       0                        0                        0                        1

0.5 0.4794485276 0.2341887766
    -0.26718218933364069      0.95929492954407281    -0.091470847016494716       1.8731409568309985
      0.9481427918799723      0.24473858294813022     -0.20280106563475503       1.0287334400002683
    -0.17215958848967283     -0.14091225698133431     -0.97493836314071303       4.2110213438966122
                       0                        0                        0                        1

0.5 0.349559942 0.546427999
     0.26327513499371846      0.92870384024660602     -0.26114245232295286       1.7847636207058934
     0.92752728775445747     -0.31811309328586823     -0.19620700892413567      0.92485979205265689
    -0.26529103596785653     -0.19056032375944076     -0.94514942164919002        3.730635836683414
                       0                        0                        0                        1

0.5 0.01682625711 -0.7302350066
    -0.42256725305347292      0.86547800309633593     -0.26904412798502153       1.6521946124616882
     0.90379507829383166      0.38019718149439224     -0.19648043066821316      0.82693492658191792
   -0.067759671624711235     -0.32618695458294822     -0.94287363817280023       3.2585821001840007
                       0                        0                        0                        1

0.5 0.2659160595 0.1958153146
    -0.25009370071928011      0.88788449190713137      -0.3861531689515833       1.4885195343901172
      0.9577578936813651      0.16838766148468703     -0.23312102554414313      0.71836005811265746
    -0.14196111422347232     -0.42814334572726126     -0.89249107421749418        2.799175563968197
                       0                        0                        0                        1

0.5 0.02963476744 -0.5748560124
    -0.69103437173789284      0.60369720919628933     -0.39751877526153057        1.292425119006412
     0.71323536572765556      0.65876517828569336     -0.23942379362451741      0.60052828980378714
     0.11733205083076334     -0.44897451986368869     -0.88580758088933587       2.3545879677686528
                       0                        0                        0                        1

0.5 -0.2139118584 -0.08830489297
    -0.74335731176092401      0.57945429936469073      -0.3341446124050898       1.1096173452012867
     0.65134431344197119      0.74074509093850782      -0.1644606202022485      0.49919172591743272
     0.15221856785024446     -0.33989619768140433     -0.92806254229084384       1.9006341738244816
                       0                        0                        0                        1

0.5 -0.3338441413 0.2583649034
    -0.56423222796288341      0.79620095911628619     -0.21841709097583595      0.96996704507023201
     0.82167305522296441       0.5673555074436557    -0.054416160227551316      0.44568037629119361
    0.080593940520360868     -0.21017078977740367     -0.97433713666048016       1.4241305766881771
                       0                        0                        0                        1

0.5 -0.4528525535 0.5185278399
   -0.086724083553834458      0.99618314835715294   -0.0099029420365005227      0.91099017496363488
      0.9959787932955938     0.086921992156806169     0.021698170082849716      0.44205786461338964
    0.022476134836748533   -0.0079813663443595306     -0.99971552011263554      0.92869961468525419
                       0                        0                        0                        1

0.5 -0.4324787576 -0.1321522054
    -0.21635475160528028      0.95514477827957511      0.20221046951896082      0.95943720787597009
     0.97627225230205983      0.20972018639644449      0.05394379299699778      0.45986076072417686
   0.0091165148428480128      0.20908346645084522     -0.97785530279996868      0.43234906380321247
                       0                        0                        0                        1

0.4378505572 0.2842663142 -0.169809011
    -0.37637257316820827      0.92256821186270188     0.084921025825164406       1.0221494957393191
     0.92633089160026272      0.37631167442518271     0.017337905247666714      0.47622325530421672
     -0.0159613731803867     0.085190481579644595     -0.99623682747348008  -0.00039267756148020361
                       0                        0                        0                        1
