2
20
                       0                        1                        0                    -0.75
                       1                       -0                        0                        0
                       0                        0                       -1                     8.75
                       0                        0                        0                        1

0.5 0.09190825792 -0.6559666171
    -0.60970446252869148      0.79147713193302038    -0.042713206384908289     -0.76108047926059208
     0.79249551947878327      0.60970446252869148    -0.014536848993259298   -0.0024582763954952291
    0.014536848993259298    -0.042713206384908289       -0.998981612454237       8.2501722160054332
                       0                        0                        0                        1

0.5 0.402112796 -0.06872667392
    -0.66196316440109848      0.72356616540153362     -0.19559338757280267     -0.82122647022004702
     0.74914261689403749      0.64714888682128957     -0.14136356616582246    -0.041119458854082552
    0.024292149539254154     -0.24010481580361104     -0.97044297560375814       7.7561612048031749
                       0                        0                        0                        1

0.5 0.312514012 -0.6500984678
    -0.95376224484229377      0.14044639989913882     -0.26572991752672342     -0.94038241074014839
     0.21350731991663804      0.93885894537369541     -0.27010832092663606     -0.14207388839032695
     0.21154716886643138     -0.31435440103037116     -0.92543454976428974       7.2817047654621812
                       0                        0                        0                        1

0.5 0.4689714469 0.6857928205
    -0.67147042040200078      0.64645321081623408     -0.36225090855723407      -1.0923899788570579
     0.73363102655725498      0.51100643096456067     -0.44794859569532058     -0.32580539997385588
    -0.10446526407236148     -0.56654273778616482     -0.81738383570024697        6.843514383912277
                       0                        0                        0                        1

0.5 0.2540227992 -0.7727455115
    -0.91417034637845729    -0.050738490362733764     -0.40214199407423462      -1.2872161132342395
     0.19070533407429408      0.82162202297194653      -0.5371859332885569     -0.57042815964798999
      0.3576647219924029     -0.56777007402926483     -0.74142638857738286        6.453805265232508
                       0                        0                        0                        1

0.5 -0.03257337864 -0.2365825058
    -0.87758585912234266     -0.25708543324978722     -0.40466052424133042       -1.488776581867912
  -0.0082014229572955431       0.8519905646220729     -0.52349289819102318     -0.83561849531805032
     0.47934934706326127     -0.45609117268999033     -0.74980333799223298       6.0809219758131308
                       0                        0                        0                        1

0.5 -0.3927078273 0.7276840625
    -0.79832189720948532      0.46452600293376806     -0.38327241100061477       -1.691720280939923
     0.59245640903450381      0.71998237044909763     -0.36141498258434052      -1.0557550860969447
     0.10806272173968226     -0.51559769088008467     -0.84998909953559809       5.6814653865439668
                       0                        0                        0                        1

0.5 -0.3690831137 -0.4305105609
    -0.93338359412392935      0.15140917404692522     -0.32537720915073809      -1.8664662082523802
     0.22570426916346664      0.95255358415697255     -0.20420394754042093      -1.1989546859289053
      0.2790208757453117     -0.26403963968338828     -0.92327158494897155       5.2362088172887216
                       0                        0                        0                        1

0.5 -0.3460215973 0.2892725107
    -0.84366061656170921       0.4630419006968905     -0.27171485469463574      -2.0179899823250018
     0.49177133034955051      0.86955705173165243    -0.045072080382313112      -1.2606742529195325
     0.21540130619137246     -0.17164711469397709     -0.96132176991280271        4.764393176306033
                       0                        0                        0                        1

0.5 -0.3371511302 0.7930784422
    -0.24707580829973028      0.95810014523172404     -0.14490568194513193      -2.1256611018055955
     0.96476908488539981      0.25718467432573477     0.055467613445634084      -1.2537262000085125
    0.090411049116926268     -0.12609581673836262      -0.9878895116351134       4.2767668430865404
                       0                        0                        0                        1

0.5 -0.4286243701 -0.5955765478
    -0.74691785805366817       0.6639967564025353     0.034957414198308612      -2.1505042158934851
     0.65957386042386323      0.73324065750926593      0.16528902208235674      -1.2028167251449307
    0.084119177160040193      0.14651431896675382      -0.9856254452740284       3.7809373726800493
                       0                        0                        0                        1

0.5 -0.04900332773 -0.2461979991
    -0.88610351306585777      0.46091021560286849     0.048809192630713316      -2.1293550207616749
     0.46149582383758825      0.86763814237516124      0.18500177965696846      -1.1153813716467833
    0.042920492923663976      0.18645596544143417     -0.98152534569337191        3.289108856742867
                       0                        0                        0                        1

0.5 -0.265079705 0.4686936843
    -0.58458717925203973      0.80017627812595349       0.1340736878684253       -2.085515345689823
     0.79693423427402421      0.53532680989989867      0.27985895169615838     -0.99732370393589931
     0.15216325475034398      0.27044986693820827     -0.95063305926992037       2.8056035551849772
                       0                        0                        0                        1

0.5 -0.3694827782 -0.6644877223
     -0.9431993410836732      0.23605953444137154      0.23377531772761456      -1.9891759529858362
     0.31618502260403181      0.85383285342976578      0.41351721836565902      -0.8264510398622783
    -0.10199036454593113      0.46394542200921363     -0.87997307398379021       2.3464506351534409
                       0                        0                        0                        1

0.5 0.3153775451 0.387077758
    -0.77779519467436409      0.60609253397776119      0.16639253408096188       -1.886695629608125
     0.62623905682479086      0.72480137013171264      0.28720657646089592     -0.65212035386983092
    0.053472225020692835      0.32758939865570874     -0.94330583960862247       1.8897323784307032
                       0                        0                        0                        1

0.5 0.3242259249 0.7095674013
    -0.18824425281144835      0.98161053817710586     0.031699410453693261      -1.8346134471829718
     0.96130187326863759      0.17754688386608208      0.21065567279248015      -0.5313843907663518
      0.2011536967934415     0.070127422375960369     -0.97704622966225929       1.4078897295706163
                       0                        0                        0                        1

0.5 -0.02803483861 0.8397581048
     0.60490904746979279      0.79502549658890298      0.04493889254038165      -1.8153435916472405
     0.77281889316083208     -0.59974225805272863      0.20750947515590962     -0.42638369245429597
     0.19192707641928716    -0.090794733764586411     -0.97720024235453562      0.91942322348421057
                       0                        0                        0                        1

0.5 0.3829330148 0.2784059912
     0.80002654920188387      0.59328938529552344    -0.089248114085315938      -1.8280333723190159
     0.58481772967277068      -0.7379379129472009      0.33680240452751498     -0.29141031940832729
     0.13396172450559196     -0.32164474491399542     -0.93733607336787095      0.43894396207606939
                       0                        0                        0                        1

0.4672900642 -0.3202086657 0.5375174726
     0.99352952766576708      0.10792211723398137    -0.035382117912480381      -1.8543097191870779
     0.11291425030055395     -0.97213471976556021      0.20543723787424761     -0.16334698587084423
   -0.012224963611471039      -0.2081031072282945     -0.97803049391449304   -0.0092369557787604917
                       0                        0                        0                        1

19
                       1                        0                        0                        0
                       0                       -1                        0                     0.75
                       0                        0                       -1                     8.75
                       0                        0                        0                        1

0.5 0.08155882312 -0.3652983377
     0.93402639193912973      0.35712806981301237   -0.0073648430263993005   -0.0012330285945767773
     0.35712806981301226     -0.93320423116305895     0.039867338649525866      0.76008058655851918
   0.0073648430263993014    -0.039867338649525866     -0.99917783922392944       8.2501376468911296
                       0                        0                        0                        1

0.5 -0.02594703529 -0.3207109286
     0.77380896275472455      0.63341843065325432  -0.00088366805193778458     -0.00344476585373124
     0.63317736992433882     -0.77347443403207405     0.028700489794774117      0.77713605099085847
    0.017495924558440762    -0.022768214851658853     -0.99958766549828637       7.7504370116427754
                       0                        0                        0                        1

0.5 0.4142474611 -0.8975167249
  -0.0078142398067387094      0.98340376595700651     -0.18126216030330461    -0.045917202915007983
     0.99332050951758988     0.028502406406669359      0.11181224530768162      0.81928530923117815
     0.11512299087479835     -0.17917769373057338     -0.97705785450066029       7.2549063120532189
                       0                        0                        0                        1

0.5 0.2494179632 -0.7787915932
    -0.68610592221555233      0.66725515121963819     -0.28987795133746408     -0.16536229286721421
     0.68226272339738514      0.72847327490071201     0.062002129139373113      0.86641437385605335
     0.25253958058714343     -0.15523289253985539     -0.95505314475717995       6.7720042937893883
                       0                        0                        0                        1

0.5 -0.08192519867 -0.8582695546
    -0.95813526275434291    -0.072842834641178258     -0.27689481704810837     -0.30577648233559879
    -0.10399674912056456      0.98958520204695422     0.099527905946242723      0.90634564124131034
     0.26676111867928148      0.12415735713652941     -0.95573189558047611       6.2938252045790977
                       0                        0                        0                        1

0.5 0.2983514068 0.1784586048
    -0.95949848111797265     0.057634076565046599     -0.27575528635150154     -0.44312727660416418
     0.07398258134308687      0.99604281749194779    -0.049247166218139807      0.91895600071723327
     0.27182575740742021    -0.067653669088955593     -0.95996548826959593       5.8137075511861962
                       0                        0                        0                        1

0.5 -0.1865960206 0.5461509303
    -0.78328343872961548      0.57107071994672476     -0.24565277818791093     -0.57548552242804107
     0.58103210469239086      0.81302219238474338     0.037371218961079408      0.91670215844227365
     0.22106276920512835     -0.11345989383670314     -0.96863724095345594       5.3317358545629236
                       0                        0                        0                        1

0.5 -0.06617457606 -0.1979721275
    -0.88108564729643035      0.41365007558585809     -0.22930699312503539       -0.694008293466575
     0.40992893128397367      0.90972881197300215      0.06596787068392089      0.94240351792196486
     0.23589479312738137    -0.035876226585377619     -0.97111613257188956       4.8466904795788581
                       0                        0                        0                        1

0.5 0.3056869321 -0.5912718851
      -0.951412552065244     -0.18320646194048265     -0.24748646038915137     -0.81703156387766351
    -0.16749596310350018      0.98234762319603197    -0.083296155644417502      0.93853681848273107
     0.25837813010533889    -0.037796024980921911      -0.9653042019896676       4.3625730930651274
                       0                        0                        0                        1

0.5 -0.3318443249 -0.782599017
    -0.56193514458742078     -0.75847773704593657     -0.33006123020310979     -0.95739831391544594
    -0.81337326336760019       0.5792640042443653      0.05363905131082998      0.93393941470756148
     0.15050856359774525      0.29860464797531083     -0.94243431415207035       3.8832875926581796
                       0                        0                        0                        1

0.5 0.3777544757 -0.1117180042
    -0.47091693239874804     -0.86440600340055629      -0.1761803169063762      -1.0847930138012858
    -0.87307750704597142      0.48528169459262327    -0.047300566420552581      0.93478381166700464
     0.12638397632036394      0.13154443423569795     -0.98322080549135182       3.4005580116771936
                       0                        0                        0                        1

0.5 0.412317289 -0.6829700668
     0.18776322924329547     -0.98195321480665498     0.022646272872277801      -1.1241949188183396
     -0.9787805951100057     -0.18898330516874376    -0.079207682730920548       0.8973151183637853
    0.082058006192169367    -0.007293442148515572     -0.99660086761019373       2.9043997434168927
                       0                        0                        0                        1

0.5 -0.0662999996 0.1072382201
    0.081562573033796132     -0.99661620165049492    -0.010182990123099308      -1.1210588406264823
    -0.99324155828502625    -0.080431409314445104    -0.083677925949594403       0.8564437473947375
    0.082575744475240229     0.016939155924448526     -0.99644082183586091       2.4061058427489974
                       0                        0                        0                        1

0.5 -0.3600119094 -0.2144995036
      0.2904940156808879     -0.93872090444544298     -0.18551628071606568      -1.1704184559722257
    -0.95511794664054905     -0.27270854558728846     -0.11567090026799377       0.8080505552652596
    0.057990817020748396      0.21079163342219315     -0.97580938324063515       1.9115874461347677
                       0                        0                        0                        1

0.5 -0.1592507625 -0.5875419847
     0.75737791557588918      -0.6037237470601492     -0.24878973096487436      -1.2801129540293075
    -0.64665914472506947       -0.746347004050114     -0.15747412514080586      0.74134498543982907
   -0.090612601449041458      0.28014957929840584     -0.95567022014791392       1.4284860751259236
                       0                        0                        0                        1

0.5 -0.1514336378 -0.859287617
     0.94386067323573541      0.19693760824178963     -0.26522180901839099      -1.4111737117255518
     0.13752279593893313     -0.96423657899437798     -0.22657294703110212      0.64602930918617996
    -0.30035730408319211      0.17737924960158974     -0.93718839711909185      0.95559974116459423
                       0                        0                        0                        1

0.5 0.3080988571 0.9175380664
      0.7127026300454925     -0.66392221621615644     -0.22641168684691459      -1.5396891054868709
    -0.69369729807647984     -0.71499112334753301    -0.087015815663735147      0.56925552358251652
    -0.10411061313636159      0.21907757609774037     -0.97013710159106292      0.47903995930093701
                       0                        0                        0                        1

0.4943526868 0.1802486645 0.5720002974
     0.23481439626048647     -0.96008776053055001      -0.1519660863095999      -1.6343084352571233
    -0.97201616155491255     -0.23082126342305936    -0.043659203243274831       0.5387430637065771
   0.0068396626289444311      0.15796530135196321     -0.98742097536152451   -0.0050476841948042805
                       0                        0                        0                        1
