6
20
                       1                        0                        0                     -1.5
                       0                       -1                        0      0.29999999999999999
                       0                        0                       -1                     8.75
                       0                        0                        0                        1

0.5 0.8206441081 0.2453113907
     0.97047985968014783     -0.23607359898014507     0.049377098130228232      -1.4917072750376483
    -0.23607359898014496     -0.88788886270840972      0.39487038802995605      0.40064167421083263
   -0.049377098130228218     -0.39487038802995611     -0.91740900302826212       8.2638708925430713
                       0                        0                        0                        1

0.5 0.531341773 0.3794556451
     0.81788669968522476     -0.55376780708030127      0.15621319508762765      -1.4438390969340953
    -0.52482401505840703     -0.60671964165300085      0.59703519967454743      0.65174169528286663
    -0.23584125952848822     -0.57029158530871593     -0.78685856926774833       7.8358551734721571
                       0                        0                        0                        1

0.5 -0.5557054025 -0.5100207039
     0.99204975247699501     -0.10988970253998936     0.061331410272434994      -1.3946209343410585
    -0.12500139404013844     -0.91682556900708634      0.37921699263463104      0.89941524797064898
    0.014558162602303387     -0.38386863546075828     -0.92327294480621513       7.4061518078376354
                       0                        0                        0                        1

0.5 0.6652503689 -0.1463632908
     0.99579579278237129     0.059266031155915139      0.06984466069754347      -1.3594773461944374
  -0.0015514447326317859     -0.75146658928995236      0.65976932196046123       1.1614586601722143
    0.091587838145522737     -0.65710387514604685     -0.74821532005959213       6.9844845085628524
                       0                        0                        0                        1

0.5 -0.4303158787 0.3935399392
      0.9396102030164083     -0.34000260876104882     0.039126620390027067      -1.3286430581150812
    -0.31481671497889419     -0.81379276311360382       0.4884995134837114       1.4490865002085398
    -0.13425014844446778     -0.47131684113726141     -0.87168648773686508       6.5778378806560536
                       0                        0                        0                        1

0.5 0.07369460771 0.247130905
     0.82809008616417223     -0.55781562031832399     0.055754308582362466      -1.3052575836098825
     -0.5020677340961458     -0.69371443040838499      0.51641870553140401       1.7005006038592814
    -0.24938885214895914     -0.45563364973633474     -0.85451926698686664       6.1463105455382587
                       0                        0                        0                        1

0.5 -0.9661526438 -0.4293006779
      0.9831297212626916     -0.13915750151750517     -0.11870611164277961       -1.329481609255021
    -0.12816978724725231     -0.98712556316928912     0.095685046766499138       1.8594738978583876
    -0.13049312934762702      -0.0788562762823522     -0.98830826713325892       5.6779664973131023
                       0                        0                        0                        1

0.5 -0.9922208791 -0.5037414806
     0.91368089002904884      0.40330658479545933    -0.050309341640981289      -1.3830434421825768
     0.35574359054420285     -0.85344213046856654     -0.38089766043911583       1.7853840379429196
     -0.1965546463008305      0.33012168756671617     -0.92324749792006433       5.1915521798973812
                       0                        0                        0                        1

0.5 0.4810576998 -0.5583735767
     0.56727946864571455      0.79898857266296375     -0.19952760512529688      -1.4415124929248571
     0.77449358242710076     -0.59996151151424926     -0.20051402813961089       1.6425872968607615
    -0.27991730070196053    -0.040785358347540823     -0.95915736941973784       4.7172106156913625
                       0                        0                        0                        1

0.5 -0.9019214753 -0.1079881057
     0.47603656354945723      0.86049125340343569      0.18150480153485898      -1.4471779939558806
     0.82775423424212713     -0.36871629545540874     -0.42293169798428321       1.4823651085431344
    -0.29700524887323687      0.35157232013033152     -0.88779771674628838       4.2480728741803206
                       0                        0                        0                        1

0.5 0.8302668664 -0.2948567141
     0.20201693015066643       0.9578382066690655     -0.20429177608873586      -1.4511835837992983
     0.92195330413536603     -0.25636644687870641     -0.29030733698731759       1.3060071404461675
    -0.33044101580521384     -0.12970048095429965     -0.93487246205770891       3.7840444481501598
                       0                        0                        0                        1

0.5 -0.2461571931 -0.4633540016
    -0.25198252541439953      0.96410552028707219    -0.083697984669740377      -1.5232132882958342
       0.931033539868376      0.21792652830078571     -0.29271927832468991       1.1578088130316244
    -0.26397226090243253     -0.15168577393665345     -0.95252825231554017       3.3123074504639591
                       0                        0                        0                        1

0.5 -0.8629767192 -0.1967953458
    -0.43338027927376366      0.84472876309381029      0.31403001502817585      -1.4634759554763688
      0.8598459908138828      0.49193054842717004     -0.13663530878010643       1.0455253697345683
    -0.26990073289616312      0.21080240113942086      -0.9395296387320462       2.8327513573778744
                       0                        0                        0                        1

0.5 -0.0183121874 0.5897296074
     0.10877509833532414      0.94031675714553953      0.32244747512337235      -1.3043932633254884
     0.98854620847164454    -0.068185333546236376     -0.13463711971638304      0.97792219825715732
    -0.10461535116069623      0.33339939490119902     -0.93696343140009419       2.3635810451796422
                       0                        0                        0                        1

0.5 0.4652349311 0.619621885
     0.65207314683487949      0.74884063662917533      0.11848338326394053      -1.1960301027800058
     0.75702071276409488     -0.65164608127631052    -0.047718185248070116      0.92663651852967577
    0.041475916180352276      0.12081012246512857     -0.99180878332819844       1.8793122907026936
                       0                        0                        0                        1

0.5 -0.149131441 0.05002679513
     0.68844866604293609       0.7044235726046626      0.17270166352003091      -1.1230958229369843
      0.7236070245984777     -0.68328791188127058    -0.097521810015349847      0.89042484108927866
    0.049308297227137809      0.19210689689809735     -0.98013449688741405       1.3861049285700318
                       0                        0                        0                        1

0.5 0.7566739502 -0.09308605641
     0.61857513630766603      0.77780405966002342     -0.11129081506728059      -1.1065834005154196
     0.78421460401626963      -0.6023810571558299      0.14881033844269415      0.90452563074131032
    0.048705806528147051     -0.17932625785481474     -0.98258324718785617      0.88955533720439794
                       0                        0                        0                        1

0.5 0.003493622877 0.09569364264
     0.69005309292604899      0.71494682488837136     -0.11259558839151051      -1.1625595770677712
     0.72308306684130363      -0.6742944454600972      0.14992624609798591      0.97920454194681461
    0.031266713779480614     -0.18487303319764159     -0.98226491040133157      0.39834289403000928
                       0                        0                        0                        1

0.4162688523 -0.3996740072 0.09441998432
     0.75496248065474636      0.65576557831951743    0.0017773842862496697      -1.1852829000703156
      0.6554164282533721     -0.75464371035085742     0.030694885624195464       1.0172620190934245
    0.021469941295296717    -0.022008560133728705     -0.99952722069067079    -0.015076784894183903
                       0                        0                        0                        1

22
                       1                        0                        0                      1.5
                       0                       -1                        0      0.29999999999999999
                       0                        0                       -1                     8.75
                       0                        0                        0                        1

0.5 -0.8014228451 -0.1039619386
     0.99467269583309736      0.10101781982137592     0.020533588158301589        1.503441935037048
     0.10101781982137591     -0.91552792965394403     -0.38936359627230022      0.20124468417339827
   -0.020533588158301589      0.38936359627230033     -0.92085523382084677       8.2632666118367073
                       0                        0                        0                        1

0.5 -0.5996428351 0.3011627149
     0.97884174168650195     -0.20456309994475053    0.0047731408034428491       1.5135976447162338
    -0.15367752669989779     -0.75035403535300615     -0.64292459854703132    -0.058897046676273573
     0.13510019437268642      0.62858790934160791     -0.76591460210000484       7.8385765950918946
                       0                        0                        0                        1

0.5 0.1261662617 -0.3123855559
     0.99426429672639272      0.10665971346476287    0.0078875711588836574       1.5175822486812938
    0.090490991154690656     -0.79964366009582988     -0.59361721453171012     -0.36816227577551364
   -0.057007795738946911       0.5909261564630216     -0.80470888452460054       7.4458215629075832
                       0                        0                        0                        1

0.5 -0.2184027922 0.1378252076
     0.99941074033328392    -0.032171513895329747     0.011965191187777361       1.5231774552070341
   -0.015554553501614641     -0.73523018623001102     -0.67763901092067336     -0.68626956834308972
    0.030597842601119116      0.67705359237645724     -0.73529735826962639       7.0604279152605489
                       0                        0                        0                        1

0.5 -0.1050052005 -0.2099213985
     0.98424260474216818      0.17611971552926869     0.015758832832462891       1.5296524455907319
     0.13420601333578094     -0.68602321320223902     -0.71509502650500301      -1.0345608073837715
    -0.11513140750841291      0.70594192165472403     -0.69884959916677858       6.7018279301783208
                       0                        0                        0                        1

0.5 0.02033593925 0.4056776848
     0.97389240854025816     -0.22644423639687883     0.016018251786288504       1.5374256943811302
     -0.1488699613361163     -0.69034323595418678     -0.70799996552548272      -1.3903363906786841
      0.1713806033349099      0.68713115514793544     -0.70603078150008869       6.3505998435813069
                       0                        0                        0                        1

0.5 0.7924912269 -0.4828803832
     0.96488251639362788      0.26254017135643215    0.0086248467832954166       1.5517127093792427
     0.24558341853624654     -0.88993800523401434      -0.3843164469290305      -1.6667324810892366
   -0.093222926890068003      0.37293833976173418     -0.92316113470932593       5.9380804171875168
                       0                        0                        0                        1

0.5 0.3751242571 0.2130698241
     0.99848930798359192     0.050792073067525305     -0.02095870119904716        1.546972188945098
    0.045335564072790858     -0.97706883212365092      -0.2080413034056624      -1.8155037700471877
   -0.031044942787025295      0.20677684252843256     -0.97789546932242311       5.4615159520509859
                       0                        0                        0                        1

0.5 0.006658332422 0.02869832699
     0.99953460530420435     0.022050125201954287    -0.021079961526215271       1.5364585362615812
    0.017270618481222078     -0.97865447347667878     -0.20478561297454653      -1.9187107190979504
   -0.025145547053994674      0.20432624286337489     -0.97857983217553224       4.9723967867362013
                       0                        0                        0                        1

0.5 0.4178508222 -0.3483449173
     0.93300502856560408      0.35465870345189981    -0.060982134573279972       1.5188464384602181
     0.35519883895725385     -0.93478839426890936   -0.0021077816710166619      -1.9700511494192174
   -0.057752934771449507    -0.019694212499387104     -0.99813663218985904       4.4762621382045138
                       0                        0                        0                        1

0.5 0.5273410263 0.5846106277
     0.96783172109412574     -0.23962566530538712    -0.076689635355328814       1.4778543286141106
    -0.21339328044455746     -0.94327909397706289      0.25433807958487381      -1.9070875018280364
    -0.13328566128842592     -0.22979140843983248     -0.96406993579415456       3.9833863325565226
                       0                        0                        0                        1

0.5 0.9189657937 0.09541829805
      0.9398209547221591     -0.33667478082313945     0.058195060123868478       1.4713658119913227
    -0.29370424867644868     -0.70905866095753101      0.64107224993015854      -1.6787341950902017
    -0.17456914783125999     -0.61958527038560551     -0.76527100124509095       3.5435609117794162
                       0                        0                        0                        1

0.5 0.8819891834 0.2539304464
     0.83150808059429582     -0.49792667173967747      0.24629929248099305       1.5445135656111488
    -0.42169203040655723     -0.27714717470464456      0.86334539730332061      -1.2946590419281061
    -0.36162154719815187     -0.82174112293561219     -0.44042182448027523       3.2384070057369172
                       0                        0                        0                        1

0.5 -0.1601148713 0.06464986034
     0.79700099292096704     -0.56863814586805217      0.20356835792120714       1.6572163939863831
    -0.44092971533589403      -0.3174622027106539      0.83952292165485698     -0.86880745854285646
    -0.41275949827569064     -0.75885994024842551     -0.50374714656199959       3.0021549715229874
                       0                        0                        0                        1

0.5 -0.9234327269 -0.2427394737
     0.91705503436095503     -0.39798951888054357    -0.024787230875214367       1.6986137208082752
    -0.30862982457490212       -0.747764197990886      0.58787442161222847     -0.50364210743836346
    -0.25250286203544819     -0.53146311919481337     -0.80857235767717617       2.6696804250665815
                       0                        0                        0                        1

0.5 -0.7147760438 -0.5654073043
     0.98206022746238741      0.17668621520114428    -0.065876331063738386       1.6673257374249215
     0.18806655308235593     -0.94318607931426612      0.27391785520389944     -0.28526204456335302
   -0.013736129303624126     -0.28139296570041983      -0.9594943030607721       2.2239118560401043
                       0                        0                        0                        1

0.5 -0.8117470387 -0.214528576
     0.92045117172025082      0.38755746718867007     0.050683824886455849        1.659948893939404
     0.39083910486238432      -0.9138969407991423     -0.10971406340273437     -0.24470816548901902
   0.0037992879843902899      0.12079565896286121     -0.99267012354887563       1.7290451663313338
                       0                        0                        0                        1

0.5 0.6445164522 0.4829450541
     0.99675553549644014    -0.080488188427741761  -0.00023233774034171067        1.666241523681379
   -0.078754551583037458     -0.97587421066938351      0.20363507938310205      -0.2220648199068995
   -0.016616951048850033     -0.20295609494180716     -0.97904683262028513       1.2317441541030891
                       0                        0                        0                        1

0.5 -0.4918603306 0.05893317177
     0.99034246559507111     -0.13598936938710821    -0.026994300375672544       1.6600041968974484
    -0.13698665465099386     -0.98979022967659935    -0.039369501956133146     -0.18085567461828672
   -0.021364861024697035     0.042687148539594683     -0.99886002526027351      0.73474762402357929
                       0                        0                        0                        1

0.5 0.5968004819 0.1323553346
     0.96353553830144467     -0.26548226868698055     0.033442958047382176       1.6600034649299749
     -0.2652577141784655     -0.93125024698545433       0.2498225821625136     -0.12751326090712051
   -0.035179702940194874     -0.24958393879082905     -0.96771392776930498      0.23946375870411263
                       0                        0                        0                        1

0.2435510921 -0.9646598883 -0.2021894595
     0.99760804710119189    -0.068850351355374373   -0.0061492663942520898       1.6623880436374368
   -0.068704389061656018     -0.99740691620023014     0.021427795957866258     -0.09416562989270448
  -0.0076086321116551024    -0.020954060088414994     -0.99975148716228524    -0.001217366120991964
                       0                        0                        0                        1


22
                       1                        0                        0                        0
                       0                       -1                        0      0.29999999999999999
                       0                        0                       -1                     8.75
                       0                        0                        0                        1

0.5 0.03604378225 0.3552836244
     0.93754955986894595     -0.34783730061302598    0.0031678213000533861   0.00053020750167588095
    -0.34783730061302603     -0.93738887098079704      0.01764417364429581      0.30445815833149392
  -0.0031678213000533861    -0.017644173644295803     -0.99983931111185109       8.2500268949684532
                       0                        0                        0                        1

0.5 0.954684631 -0.6113703474
     0.96247088943630776      0.27044012662547601     0.022625757412270141     0.019400782652879797
     0.22885740585331835     -0.85362875564415319      0.46791263642212572      0.42753023527197831
     0.14585634978900261     -0.44517421920885253     -0.88348505351138618       7.7706060427285202
                       0                        0                        0                        1

0.5 -0.2832455165 -0.008727134647
     0.96009600168466736      0.27290015826693703     0.061165113970266707     0.040333979105684981
     0.23656214173752632     -0.90910440404085702      0.34288122673904597        0.630556169892036
     0.14917781552787762       -0.314729544484466     -0.93738534935368556       7.3146184363211866
                       0                        0                        0                        1

0.5 0.8527669474 0.3183825808
     0.99947058429258007    -0.031423223017516023     0.008433990101957882      0.05230146285227967
   -0.028392726827617554     -0.71581414500470641      0.69771338160771545       0.8941551292665828
   -0.015887233778753326     -0.69758346516124714     -0.71632737273992697       6.8943561624540086
                       0                        0                        0                        1

0.5 0.2506857137 0.2005502355
     0.97332669940035288     -0.22808199388161751     0.024773782541249199     0.059575373470989061
    -0.16131801418514774      -0.6036074202788414      0.78079099667176166       1.2643677838152059
    -0.16313072835543835     -0.76396118111544675     -0.62430095243793748       6.5588520920485518
                       0                        0                        0                        1

0.5 -0.2991726105 0.01719585564
     0.96924400194423543     -0.24586720994768566    -0.010741497459090244     0.063194337682264096
    -0.17263688328806198     -0.71036919866857307      0.68232844591996422       1.6308133168687908
    -0.17539262020879637     -0.65948837492067303     -0.73096683380354732       6.2193837450968239
                       0                        0                        0                        1

0.5 -0.7076801588 -0.4592021997
     0.97571926380323193      0.21845927021534772    -0.015731036210519911     0.049691829275053105
     0.20719584120798196     -0.89735457344317537      0.38964683099793568       1.9015794902338867
    0.071005645053021732     -0.38344532436528012     -0.92082999603238902       5.8023417625010723
                       0                        0                        0                        1

0.5 -0.6412612684 -0.3508950574
     0.84210227777460134      0.52872579472352765      0.10636158968726574     0.068188735277190424
     0.51934174155691193     -0.84816268266858585      0.10442326946165587       2.0244373428544136
     0.14542320737578981    -0.032697059843385168     -0.98882910203641172       5.3202233878800715
                       0                        0                        0                        1

0.5 -0.6261587841 -0.0896749513
     0.79364631700156307      0.54240789333672046      0.27553439123977841      0.16348393158158925
     0.59344650185139458     -0.78994548670273101     -0.15429639489738001       2.0112082738058885
     0.13396556628550893      0.28597168615792434     -0.94882739303089081       4.8316448715313971
                       0                        0                        0                        1

0.5 -0.9020642173 -0.5379382908
     0.44712914150647798      0.69256045498955088      0.56607026684003281      0.37103982610596475
     0.88397766710635295     -0.24549176912620069     -0.39789103451635865        1.862844457423924
    -0.13659800464461222      0.67830215057594678     -0.72197449930808244       4.4065100524290308
                       0                        0                        0                        1

0.5 -0.5166042349 -0.4572505573
     0.13180207433989757      0.65482475065961354      0.74419940817181174      0.69901525789887498
     0.87787198588548743      0.27158120261926033     -0.39444191813414914       1.6591704261696196
    -0.46040090095173625      0.70530007536328188     -0.53905733841158177       4.0909601809873903
                       0                        0                        0                        1

0.5 -0.1430619019 0.01634449701
     0.14204281684354964      0.59772496828787991      0.78901755396721229       1.0824896971117146
     0.88242013118406293      0.28470444887832852     -0.37453716620649063       1.4668865383125091
    -0.44850702365096889      0.74944528757884665     -0.48700432304201285       3.8343131809409905
                       0                        0                        0                        1

0.5 0.9427144043 0.3882704492
     0.41956984683306148      0.78712448228293752      0.45210197192591289       1.3965126906022296
     0.88852525171728836     -0.25424012683940733     -0.38194873342558877       1.2671138749434427
    -0.18569873636944978       0.5619581899888102     -0.80605146983011577       3.5073439158862749
                       0                        0                        0                        1

0.5 0.8816098324 -0.2899317342
     0.15634358836189041      0.98633824612247123     0.051899389342985103       1.5261890534075628
     0.94622455754792145      -0.1345036441651099     -0.29422416012208386       1.1002801073414787
    -0.28322388506509777     0.095108537694323425     -0.95432625290635265       3.0586348704921895
                       0                        0                        0                        1

0.5 0.7517324206 -0.4503218338
    -0.28246097534727227      0.90630981734557603     -0.31435380129544455        1.459314871303236
     0.93435210259878165       0.1857118145591497     -0.30413363888656525      0.95573457668313488
    -0.21726008785578474     -0.37962301947613253     -0.89926882371664629       2.5877583000610427
                       0                        0                        0                        1

0.5 0.4244428524 -0.4764152297
    -0.64806086828848075      0.59353669553151256     -0.47721200954157972       1.2586450835772622
     0.76120867984870688      0.52459626772757928      -0.3812611986673739      0.78739614687813297
    0.024051127128874278     -0.61033838724417966     -0.79177559721173818       2.1629477713316616
                       0                        0                        0                        1

0.5 -0.3794409172 -0.2110196731
    -0.76679096541920599      0.52420094424892638      -0.3704659031544143       1.0472744428347163
     0.62757283237785944      0.73346567572104115     -0.26111384988220621      0.62514904793726223
     0.13484789732403363     -0.43271407717753996     -0.89138912490543487       1.7407505792095441
                       0                        0                        0                        1

0.5 0.5483647799 0.06355316127
    -0.73558255770063741      0.45142702213983649     -0.50510587453379308      0.82754901003552572
      0.6700548682906069      0.59459510454580977     -0.44439074599975043      0.44718430606041998
    0.099723489141955834     -0.66533473179454317     -0.73985466166081415       1.3302785970536288
                       0                        0                        0                        1

0.5 -0.8096301258 0.1295933354
     -0.6596909768636855       0.7021124911388944     -0.26804078949177146      0.63002117108109668
     0.75075086158052562       0.6319706857120837     -0.19231795609536029      0.28737479909600266
    0.034365082289069405     -0.32810227397464725     -0.94401691665559229      0.90360530126792016
                       0                        0                        0                        1

0.5 -0.8511505146 0.4737904285
    -0.25137637119116935      0.96284159175895978     0.098721776654556365      0.58303653266734534
     0.96762742142731983      0.25237072354763868    0.0024882117990935038       0.2466944900986062
   -0.022518732394945867     0.096151375835783537     -0.99511196335699392      0.41124873673346174
                       0                        0                        0                        1

0.4160394339 0.8514430211 -0.02533638647
    -0.27562026481211582      0.93076276069572661     -0.24023770088595342       0.5532036306884075
     0.96104844908922238      0.26148941991285257    -0.089493920334513088      0.22870781254186617
   -0.020477991310169193      -0.2555464078708789      -0.9665798907985782   -0.0011502502618258581
                       0                        0                        0                        1


20
                       1                        0                        0                     -1.5
                       0                       -1                        0     -0.29999999999999999
                       0                        0                       -1                     8.75
                       0                        0                        0                        1

0.5 -0.3929069159 0.4030574671
     0.92012414843090784     -0.38968684918906588     -0.03893213381507963      -1.5065324881863418
    -0.38968684918906582     -0.90114831263547734      -0.1899365109801967     -0.34829600862024473
    0.038932133815079636       0.1899365109801967      -0.9810241642045695       8.2531839873906829
                       0                        0                        0                        1

0.5 -0.9119025823 -0.3291657354
     0.99034778375994814    -0.025685488968065526     -0.13620397519246835      -1.5572685275206655
    -0.10176936699112399     -0.80188168882354216     -0.58875186035521787     -0.54486398109505429
   -0.094097094237734324      0.59693049242434859     -0.79675574931721693       7.8009658867483829
                       0                        0                        0                        1

0.5 0.2189966333 -0.06436413518
     0.99042726707255724     0.023219008918171271     -0.13606875564964629      -1.6251135268739194
   -0.048013184242758543     -0.86624899112397014     -0.49730013021873931     -0.81667072903242344
    -0.12941623846355671      0.49907270312206214     -0.85684180233015139       7.3871199094450546
                       0                        0                        0                        1

0.5 -0.1370205735 -0.2575224013
     0.95067754097590573      0.28366088377779342     -0.12549388868947325      -1.6912485254942422
     0.16965615360267619     -0.81422404858424446     -0.55520805852565525      -1.0799464624370407
    -0.25967095068326362      0.50653302135347844     -0.82218933078079237       6.9673408047308572
                       0                        0                        0                        1

0.5 0.1954296324 0.1845033019
     0.98538483757017936     0.091195623399891804     -0.14387522427261801      -1.7593749864308748
    0.012654256546606537     -0.88147652523743147     -0.47205826467354306      -1.3370370575101611
    -0.16987228048755829      0.46333842246035373     -0.86974761545744272       6.5441805755950231
                       0                        0                        0                        1

0.5 0.7999926899 -0.3391158087
     0.91002060916938909       0.3430465031664543     -0.23276938705989952      -1.8493192979261226
      0.3286416742225482     -0.93921548118893095    -0.099342487684000058      -1.4808539923366957
    -0.25269970488936866     0.013905990087474396     -0.96744482146968658       6.0773574370237711
                       0                        0                        0                        1

0.5 0.5078637735 -0.5758695754
     0.59574360693359485      0.71217130451687605     -0.37135103045566065      -1.9964178500578913
     0.78881009613175401     -0.60584798154517294      0.10357053392858985      -1.4762462799352181
    -0.15122230998884853     -0.35462692548701213     -0.92269797695739342       5.6008964893516735
                       0                        0                        0                        1

0.5 0.1548079387 -0.2383845687
     0.41431421759459636         0.80200919057538     -0.43026153364157593      -2.1965309452338797
     0.90848115724905565     -0.39290744187872761      0.14242797843026334      -1.4140591632793866
   -0.054824410825786186     -0.44989443244936705     -0.89139737694737931       5.1470650752402261
                       0                        0                        0                        1

0.5 -0.8883537059 -0.5068053071
   -0.059922171488902824      0.99809585150075764    -0.014628895413934473      -2.3114103696399471
     0.99598543665320471     0.060758964485286095     0.065737038337617806      -1.3704783269648912
    0.066500701791637126    -0.010631060702162021     -0.99772974156811034       4.6665914797062804
                       0                        0                        0                        1

0.5 -0.4333552709 -0.07983336596
    -0.13883313167132982      0.97000364333437938      0.19954521660105221      -2.2649274406077744
     0.98858406630570828       0.1238368534887983     0.085825273459893187      -1.3331577377561632
    0.058539776193651097      0.20918261313030717     -0.97612280424502673       4.1711420478790595
                       0                        0                        0                        1

0.5 0.3943834426 0.01959334431
    -0.11954087119941172      0.99281468372467285     0.005383669154313736      -2.2135076735440196
     0.99097071475660858      0.11898369760695821     0.061805519159319304      -1.2962899408131017
    0.060720858093926355     0.012723344075100673     -0.99807369162195902       3.6759776939291768
                       0                        0                        0                        1

0.5 -0.3591558356 0.2692076347
     0.14725698860090933      0.97195506375839891      0.18335412005896687      -2.1661668728483532
     0.98536802464190099     -0.16024338406073579     0.058068183009996971      -1.2642285671957718
    0.085820949199543681      0.17212034132887974     -0.98133039939630973       3.1799319101343455
                       0                        0                        0                        1

0.5 -0.6023262325 0.5189047151
     0.58875117017305878      0.67833111592889639      0.43958953215757091      -2.0067241345264035
     0.77398449701459349     -0.62989911116914665    -0.064615076641496794      -1.2599361702805645
     0.23306663854125767      0.37827768492336122     -0.89587160636337981       2.7080287965572638
                       0                        0                        0                        1

0.5 0.3234575093 -0.09750763706
     0.51675478945023523      0.79401059538156904      0.32017442434093546      -1.8160031525672504
     0.83187951328145604     -0.55406661698137183     0.031411133844964564      -1.2677258396911857
     0.20233873322439117      0.25011469042946011     -0.94683772562595192       2.2464872980412953
                       0                        0                        0                        1

0.5 -0.7231845181 -0.2774675949
     0.30022697900788708      0.73961974179247192       0.6023507272566665      -1.5845495419987352
     0.95042399496688434      -0.2855641586032332     -0.12307453478447967      -1.2947011161653614
    0.080981422974570547      0.60943888034163485      -0.7886864144011545       1.8071737241529218
                       0                        0                        0                        1

0.5 0.1001299904 -0.07962465904
     0.23927104889177828      0.79033307798578356      0.56402392768724408      -1.2928500725392571
     0.97036290027864014     -0.21488894492427227     -0.11053769995870115      -1.3529567216824605
     0.03384090609092702      0.57375636570834754     -0.81832660098770793       1.4053460241232918
                       0                        0                        0                        1

0.5 0.8739211233 -0.137798368
     0.11521710442851021      0.97857272450754795      0.17064712624883027      -1.1057430370332055
     0.99316633875365379     -0.11026907249930903    -0.038227676058134159      -1.3882365863207207
   -0.018591460775668967      0.17388546373983294     -0.98459037324473719      0.94731085521429348
                       0                        0                        0                        1

0.5 0.5224667815 0.3845355079
     0.47815686040331862      0.87498736780967012     -0.07591523577481693      -1.0831916445747249
     0.87827345104475407     -0.47649737576788298     0.039824566240695754      -1.3918380902795631
   -0.001327418238391706    -0.085716725671399568     -0.99631866433435601      0.44924766710912334
                       0                        0                        0                        1

0.4618346849 -0.5494579617 0.1470841489
       0.601287724429306      0.78728391352952642       0.1365178081726327      -1.0683396981454123
     0.79901864680778589     -0.59344545321662934    -0.096910763643491368       -1.403876502161586
    0.004719587278766495      0.16735152689516331     -0.98588599337944571    -0.010952834684111068
                       0                        0                        0                        1


21
                       1                        0                        0                      1.5
                       0                       -1                        0     -0.29999999999999999
                       0                        0                       -1                     8.75
                       0                        0                        0                        1

0.5 -0.9759868239 -0.3929681565
     0.92528106403098365      0.36775741927673161     0.092787030950498575       1.5156697388324349
     0.36775741927673161     -0.81005681731287105     -0.45668636206028723     -0.41805922364511094
   -0.092787030950498617      0.45668636206028734     -0.88477575328188762       8.2694589031973678
                       0                        0                        0                        1

0.5 0.07504936866 0.2894407283
     0.99223677075007621     0.091609405109479805     0.084106525709645955        1.559460748465513
     0.11885050409483137     -0.89763300925531053     -0.42441670369067697     -0.63847211275236293
    0.036616232027129388      0.43111796250068579     -0.90155230239925244       7.8228368554833656
                       0                        0                        0                        1

0.5 -0.6426442838 0.1880252473
     0.98921712509955184     -0.12335713682376556     0.078946160162604889       1.6031086532467562
   -0.035458504802109818      -0.7247298712061141     -0.68812012629973829     -0.91892658570987662
     0.14209916905800571      0.67790090026213434     -0.72128925929672083       7.4138147731314898
                       0                        0                        0                        1

0.5 -0.440070698 -0.07617882426
     0.99633093061459843     -0.06256420514916107     0.058398603876300574       1.6368869818701579
     0.01361430711696306     -0.55780210511531203     -0.82986231518888187      -1.2999539978782289
    0.084494540311030736      0.82761254930249839      -0.5549037221848917       7.0933927085440551
                       0                        0                        0                        1

0.5 0.4446903556 0.3447447994
     0.91918831500844911     -0.37867657213286504      0.10815218569049223         1.67558784634192
    -0.20549635539078159     -0.69546832493204458     -0.68854560991797853      -1.6808349632395552
     0.33595251074077936      0.61067819900002873     -0.71708301318121304       6.7733806023148748
                       0                        0                        0                        1

0.5 0.3921044488 -0.399183407
     0.98921713963541924     0.033618203700518767      0.14254566647734285       1.7416414352605689
     0.10566817368163967     -0.83775639057172169      -0.5357223787812373      -1.9880681388690227
     0.10140851898290534      0.54500829941955131     -0.83227535458014279       6.3855027865841825
                       0                        0                        0                        1

0.5 0.8382871514 -0.5402165929
     0.81811232706351644      0.57497513029485636    0.0097887613685726099        1.789253968357388
     0.56728695546291297     -0.80415016492677405     -0.17756132014000331      -2.1657975292046907
   -0.094221709113858493      0.15081814145073891     -0.98406105386861431       5.9244801773355036
                       0                        0                        0                        1

0.5 0.103418522 0.5951085527
     0.99982957039286458     0.017459133619356748   -0.0060007350617429372       1.7889925725049969
    0.016533726231675115     -0.99141462562322424     -0.12970611395480733      -2.2430202789145457
  -0.0082137728794862714      0.12958479368206341     -0.99153432375357575       5.4305353101625835
