6
21
   1    0    0 -1.6
   0   -1    0 -0.3
   0    0   -1 8.75
   0    0    0    1
0.443116 -0.97323 2.41942e-10

          1 2.04778e-08 2.30187e-08        -1.6
 2.8225e-08   -0.908442    -0.41801   -0.394075
1.23513e-08     0.41801   -0.908442     8.32049
          0           0           0           1
0.443116 0.0935338 -0.0413591

    0.999145    0.0413371 -0.000787727     -1.60008
   0.0379368      -0.9242    -0.380021    -0.570909
   -0.016437     0.379666    -0.924978      7.91423
           0            0            0            1
0.443116 0.0297737 -3.22962e-09

   0.999145   0.0413267 -0.00126444    -1.60054
  0.0379654   -0.929132   -0.367793   -0.736608
 -0.0163745     0.36743   -0.929907     7.50322
          0           0           0           1
0.443116 -0.0512073 -5.14712e-09

    0.999145     0.041347 -0.000258162     -1.60087
    0.037994    -0.920548    -0.388777    -0.904253
  -0.0163124     0.388435    -0.921332      7.09301
           0            0            0            1
0.443116 0.00237434 -9.38753e-09

    0.999145    0.0413455 -0.000325354     -1.60103
   0.0379837    -0.920957    -0.387808      -1.0763
  -0.0163337     0.387464     -0.92174      6.68469
           0            0            0            1
0.443116 0.366448 -3.68739e-09

   0.999145   0.0407441 -0.00702561    -1.60266
  0.0379742   -0.971538    -0.23382    -1.21432
 -0.0163524    0.233353   -0.972255     6.26416
          0           0           0           1
0.443116 0.521441 -0.0445448

   0.996395   0.0821041  -0.0213675    -1.60869
  0.0820071   -0.996617 -0.00538011    -1.26753
 -0.0217369  0.00360843   -0.999757     5.82524
          0           0           0           1
0.443116 0.31971 -0.0179529

  0.994794  0.0960917 -0.0339356   -1.62089
 0.0998345  -0.985764   0.135284   -1.23868
-0.0204529  -0.137967  -0.990226    5.38365
         0          0          0          1
0.443116 0.0259403 -0.0926669

  0.981656   0.187331 -0.0354816    -1.6361
  0.190534  -0.970676   0.146578   -1.17622
-0.00698262  -0.150649  -0.988563    4.94522
         0          0          0          1
0.443116 -0.27659 -0.0850887

   0.962049    0.272783 -0.00715365    -1.64576
   0.272876   -0.961642    0.027994    -1.13757
0.000757042  -0.0288837   -0.999582      4.5041
          0           0           0           1
0.443116 0.293726 -0.152667

  0.909573   0.412282 -0.0519655   -1.65837
  0.415276  -0.897356   0.149329   -1.09801
  0.014934  -0.157405  -0.987421    4.06332
         0          0          0          1
0.443116 -0.0109758 -0.179063

  0.821572   0.567938 -0.0496561   -1.68111
   0.56854  -0.809755   0.145118   -1.03284
 0.0422086  -0.147456  -0.988168    3.62558
         0          0          0          1
0.443116 -0.376092 -0.0566321

  0.78802  0.613693 0.0490398   -1.6813
 0.613946 -0.789264 0.0114903 -0.998209
0.0457569 0.0210532 -0.998731   3.18424
        0         0         0         1
0.443116 0.402901 -4.97179e-07

  0.788028   0.612637 -0.0607198   -1.68391
  0.613936  -0.774686   0.151472  -0.962006
 0.0457583  -0.156642  -0.986595     2.7433
         0          0          0          1
0.443116 -0.507962 -0.0558462

  0.752506   0.653418  0.0823356    -1.6797
  0.656825  -0.753742 -0.0213223  -0.933392
 0.0481274  0.0701252  -0.996377    2.30196
         0          0          0          1
0.443116 0.240614 -0.000425472

 0.752228  0.658788 0.0123284   -1.6587
 0.657142 -0.751453  0.059008 -0.925032
 0.048138 -0.036286 -0.998181   1.85965
        0         0         0         1
0.443116 -0.100095 8.17035e-12

   0.75222   0.657607  0.0414532   -1.64678
  0.657158  -0.753319  0.0255677  -0.906292
  0.048041 0.00800873  -0.998813    1.41704
         0          0          0          1
0.443116 0.0602071 8.25831e-12

  0.752212    0.65849  0.0238231   -1.63231
  0.657175  -0.752358  0.0455906  -0.890527
 0.0479445 -0.0186379  -0.998676   0.974392
         0          0          0          1
0.443116 -0.0931683 3.55311e-12

 0.752212  0.656946 0.0509804  -1.61573
 0.657175 -0.753599 0.0145008 -0.877211
 0.047945 0.0225954 -0.998594  0.531817
        0         0         0         1
0.443116 0.0484347 2.42471e-12

  0.752212   0.657889    0.03687   -1.59627
  0.657175  -0.753114  0.0306699  -0.867203
 0.0479447 0.00115978  -0.998849  0.0892497
         0          0          0          1

20
   1    0    0 -1.6
   0   -1    0  0.3
   0    0   -1 8.75
   0    0    0    1
0.46457 0.994344 -0.00655526

   0.999979  0.00631847 -0.00148579    -1.60023
 0.00631844   -0.895173    0.445674    0.405404
 0.00148594   -0.445674   -0.895194     8.30178
          0           0           0           1
0.46457 -0.171313 0.0556754

   0.998784  -0.0491846 -0.00326758    -1.60117
  -0.044415   -0.926717    0.373126    0.595695
 -0.0213802   -0.372527   -0.927775     7.87812
          0           0           0           1
0.46457 0.0177454 1.08534e-09

   0.998785  -0.0491997 -0.00281191    -1.60259
 -0.0444246    -0.92361    0.380752    0.770829
   -0.02133   -0.380164   -0.924673     7.44777
          0           0           0           1
0.46457 -0.0114835 1.54619e-09

   0.998786   -0.049174 -0.00302426    -1.60394
 -0.0444342   -0.925627    0.375819    0.946592
 -0.0212798   -0.375228   -0.926688     7.01766
          0           0           0           1
0.46457 -0.070539 1.2874e-09

   0.998786  -0.0490398 -0.00458344    -1.60571
 -0.0444434   -0.937443    0.345289     1.11413
 -0.0212296   -0.344667   -0.938485     6.58432
          0           0           0           1
0.46457 -0.523534 3.18393e-10

  0.998786 -0.0464925 -0.0162672   -1.61058
-0.0444422  -0.993008   0.109365    1.22026
-0.0212381  -0.108509  -0.993869    6.13324
         0          0          0          1
0.46457 -0.204392 -7.21931e-12

  0.998787 -0.0447463 -0.0205553   -1.61914
-0.0444486  -0.998903  0.0147228    1.24911
-0.0211916 -0.0137912   -0.99968    5.66982
         0          0          0          1
0.46457 -0.0180041 -5.19037e-11

   0.998786  -0.0445644  -0.0209793    -1.62879
 -0.0444398   -0.998992  0.00636729     1.25401
 -0.0212419 -0.00542724    -0.99976     5.20534
          0           0           0           1
0.46457 -0.106123 0.0980681

   0.98968  -0.141011 -0.0254917   -1.63925
 -0.142007  -0.988944 -0.0427075    1.24557
-0.0191876  0.0458867  -0.998762    4.74095
         0          0          0          1
0.46457 0.129347 -6.46652e-11

  0.989678  -0.142297 -0.0170278   -1.64913
 -0.142015  -0.989723  0.0167687    1.23955
-0.0192389 -0.0141774  -0.999714    4.27666
         0          0          0          1
0.46457 0.0016419 -1.16106e-10

  0.989679  -0.142303 -0.0168811   -1.65701
 -0.142009   -0.98971   0.017517    1.24751
-0.0192001 -0.0149389  -0.999704    3.81216
         0          0          0          1
0.46457 -0.0154744 -7.94641e-11

   0.989681   -0.142171  -0.0178526    -1.66508
  -0.142002   -0.989812    0.010393     1.25399
 -0.0191483 -0.00775067   -0.999787      3.3476
          0           0           0           1
0.46457 -0.0912875 4.90928e-11

  0.989683  -0.141281 -0.0238128   -1.67476
 -0.141996  -0.989363 -0.0315897    1.24907
-0.0190965  0.0346451  -0.999217     2.8831
         0          0          0          1
0.46457 0.121493 3.67048e-11

  0.989682  -0.142405 -0.0158272   -1.68397
    -0.142  -0.989569  0.0242775    1.24737
-0.0191193 -0.0217795   -0.99958    2.41872
         0          0          0          1
0.46457 -0.0308152 -3.33898e-11

   0.989684   -0.142155   -0.017813    -1.69178
  -0.141993   -0.989816   0.0101004     1.25536
 -0.0190674 -0.00746685    -0.99979     1.95425
          0           0           0           1
0.46457 -0.0883172 5.13514e-11

  0.989684  -0.141305 -0.0236286   -1.70141
 -0.141993  -0.989397 -0.0305085    1.25061
-0.0190671  0.0335488  -0.999255    1.48984
         0          0          0          1
0.46457 0.0778063 5.60619e-11

  0.989682  -0.142076 -0.0185576   -1.71121
 -0.142002  -0.989852 0.00527574    1.24475
-0.0191188 -0.0025861  -0.999814    1.02538
         0          0          0          1
0.46457 0.059989 -6.44804e-13

  0.989679  -0.142549 -0.0146421   -1.71893
  -0.14201  -0.989319  0.0328647    1.25361
-0.0191705 -0.0304462  -0.999353   0.560889
         0          0          0          1
0.46457 -0.091385 -5.7171e-12

   0.989682   -0.141792  -0.0206285    -1.72712
  -0.142003   -0.989824 -0.00916183     1.25912
 -0.0191195   0.0119966   -0.999745   0.0965519
          0           0           0           1

20
   1    0    0  1.6
   0   -1    0  0.3
   0    0   -1 8.75
   0    0    0    1
0.46727 0.798755 0.194344

 0.981391 -0.188664 0.0357358   1.60561
-0.188664 -0.912764  0.362308  0.385918
-0.0357363 -0.362308 -0.931373   8.29349
        0         0         0         1
0.46727 0.0469757 0.0613911

 0.967996 -0.247677 0.0404891   1.62332
-0.244036 -0.891296   0.38215   0.55989
-0.0585619   -0.3798 -0.923213   7.86017
        0         0         0         1
0.46727 0.0983702 -0.0869126

 0.985754 -0.160614 0.0499137   1.64466
-0.166541 -0.890646    0.4231  0.748001
-0.0235003 -0.425385 -0.904707   7.43298
        0         0         0         1
0.46727 -0.0320262 -0.113186

 0.997623 -0.048971 0.0484797   1.66756
-0.0645739 -0.909966  0.409624  0.942613
0.0240552 -0.411781 -0.910965   7.00878
        0         0         0         1
0.46727 -0.0487902 -0.0135973

  0.998209 -0.0365049  0.0473959    1.68993
-0.0520984  -0.919867   0.388755    1.12911
 0.0294064  -0.390528  -0.920121    6.58093
         0          0          0          1
0.46727 -0.572596 0.0601021

 0.993874 -0.106905 0.0280455   1.70833
-0.109697  -0.98512   0.13231    1.2516
0.0134836 -0.134576 -0.990812   6.13179
        0         0         0         1
0.46727 -0.0283612 0.00166244

 0.993694 -0.108919 0.0266083    1.7211
-0.111334 -0.986603  0.119243   1.31035
0.0132641 -0.121454 -0.992508   5.66842
        0         0         0         1
0.46727 0.174571 0.0601021

  0.98543 -0.165812 0.0378599   1.73603
-0.170042 -0.965153  0.198909   1.38481
0.00355913 -0.202449 -0.979286   5.20751
        0         0         0         1
0.46727 -0.0958812 1.21266e-09

 0.985429 -0.167343 0.0304451   1.75199
-0.170052 -0.973093  0.155474   1.46762
0.0036084 -0.158386 -0.987371   4.74794
        0         0         0         1
0.46727 0.182084 2.47095e-10

 0.985425 -0.164146 0.0446568   1.76955
-0.170072 -0.956361   0.23759   1.55952
0.00370867 -0.241722 -0.970339   4.29022
        0         0         0         1
0.46727 -0.20663 2.27643e-10

 0.985421 -0.167693 0.0287263   1.78671
-0.170093  -0.97481  0.144273   1.64882
0.00380906 -0.147056 -0.989121   3.83201
        0         0         0         1
0.46727 -0.280952 1.2298e-10

  0.985417   -0.17003 0.00662714    1.79498
 -0.170114  -0.985304  0.0154112    1.68619
0.00390939 -0.0163138  -0.999859    3.36662
         0          0          0          1
0.46727 0.0979982 -0.0597151

  0.993793  -0.110453  0.0132639    1.79976
 -0.111059  -0.991963  0.0606248    1.70385
0.00646108 -0.0617216  -0.998072    2.89976
         0          0          0          1
0.46727 -0.148029 0.0601021

   0.985348   -0.170522  0.00333014     1.80369
  -0.170492   -0.985329 -0.00773238     1.71633
 0.00459982  0.00705133   -0.999965     2.43271
          0           0           0           1
0.46727 0.00123311 -5.24451e-11

   0.985352   -0.170498  0.00333001     1.80525
  -0.170471   -0.985337 -0.00714904     1.71285
 0.00450008  0.00647665   -0.999969     1.96536
          0           0           0           1
0.46727 0.065829 8.29487e-12

  0.985356  -0.170298 0.00847275    1.80801
 -0.170452  -0.985093   0.023173    1.71659
0.00440014 -0.0242778  -0.999696    1.49804
         0          0          0          1
0.46727 -0.105022 -0.0547235

  0.993207  -0.116357 0.00124816     1.8103
 -0.116288  -0.992891 -0.0253938    1.71588
0.00419403  0.0250761  -0.999677    1.03075
         0          0          0          1
0.46727 0.0254473 -1.98659e-12

  0.993207  -0.116329 0.00263216    1.81121
 -0.116283  -0.993123 -0.0135868    1.70677
 0.0041946  0.0131884  -0.999904   0.563561
         0          0          0          1
0.46727 -0.0084546 1.4097e-12

  0.993206  -0.116353 0.00217016    1.81233
 -0.116298   -0.99306 -0.0175076    1.69951
0.00419217  0.0171363  -0.999844  0.0963362
         0          0          0          1

21
   1    0    0  1.6
   0   -1    0 -0.3
   0    0   -1 8.75
   0    0    0    1
0.442398 -0.975739 -0.0202754

  0.999798    0.01965 0.00430843    1.60064
 0.0196501  -0.908072  -0.418353  -0.394007
-0.00430829   0.418353  -0.908274    8.32121
         0          0          0          1
0.442398 0.0442445 -0.0157526

  0.999363  0.0354841 0.00372826    1.60243
 0.0340066  -0.915671  -0.400488  -0.575135
-0.0107971   0.400359  -0.916295    7.91761
         0          0          0          1
0.442398 0.131117 -0.102237

   0.990516    0.137394 -0.00119323     1.60321
   0.128451   -0.929056   -0.346923   -0.740495
 -0.0487738    0.343479   -0.937893     7.50733
          0           0           0           1
0.442398 -0.287755 0.000816664

 0.990628  0.135637 0.0161117   1.60652
 0.127677 -0.877598 -0.462084 -0.919683
-0.0485362   0.45981  -0.88669   7.10321
        0         0         0         1
0.442398 0.334133 0.0448074

    0.995742     0.092186 -0.000661795       1.6097
   0.0868893     -0.94088    -0.327407     -1.09467
   -0.030805     0.325956    -0.944883       6.6973
           0            0            0            1
0.442398 0.0618726 2.17009e-09

   0.995742   0.0921297 -0.00326132     1.60883
  0.0868627   -0.949489   -0.301538    -1.23379
 -0.0308772    0.299971   -0.953448      6.2774
          0           0           0           1
0.442398 0.56569 -9.52491e-11

  0.995742  0.0884796 -0.0258818    1.60235
 0.0868955  -0.994586 -0.0569933   -1.31352
-0.0307844  0.0545016  -0.998039    5.84342
         0          0          0          1
0.442398 0.107372 -0.0865421

   0.984427    0.172823  -0.0321869     1.58966
   0.172589   -0.984944 -0.00994979    -1.32831
 -0.0334219  0.00423974   -0.999432     5.40153
          0           0           0           1
0.442398 -0.0282066 -0.2

  0.930421   0.365366 -0.0287239     1.5761
  0.364842  -0.930811 -0.0219216   -1.33539
-0.0347459 0.00991659  -0.999347    4.95936
         0          0          0          1
0.442398 0.117244 -0.2

  0.839458    0.54091 -0.0522228    1.55853
  0.542553  -0.839673  0.0241973   -1.33472
-0.0307615 -0.0486462  -0.998342    4.51733
         0          0          0          1
0.442398 -0.276409 -0.2

  0.714926   0.698793  0.0238438    1.55154
  0.698432  -0.712128 -0.0711744   -1.34568
-0.0327563  0.0675377  -0.997179    4.07539
         0          0          0          1
0.442398 0.231542 -0.0567502

   0.674133    0.736935  -0.0497019     1.54597
   0.737848   -0.674967 1.46953e-05    -1.36128
 -0.0335363  -0.0366824   -0.998764     3.63354
          0           0           0           1
0.442398 -0.149632 -0.00028128

     0.67393     0.738794 -0.000908202      1.53477
    0.738029    -0.673287   -0.0446952     -1.37117
  -0.0336321    0.0294512       -0.999       3.1914
           0            0            0            1
0.442398 0.191613 -3.0623e-06

  0.673929   0.736066 -0.0634594    1.52052
   0.73803  -0.674652   0.012471    -1.3783
-0.0336335 -0.0552396  -0.997906    2.74942
         0          0          0          1
0.442398 -0.190975 -0.000105038

   0.673856    0.738862 -0.00118603     1.50621
   0.738093   -0.673226  -0.0445692    -1.38541
 -0.0337289   0.0291578   -0.999006     2.30735
          0           0           0           1
0.442398 0.112133 -5.14206e-09

   0.67386   0.737887 -0.0378921    1.49757
  0.738085  -0.674615 -0.0111974   -1.39775
 -0.033825 -0.0204221  -0.999219    1.86517
         0          0          0          1
0.442398 -0.148543 -4.39759e-09

  0.673865   0.738779  0.0105764    1.49152
  0.738076  -0.672428 -0.0555424   -1.41252
-0.0339217  0.0452342    -0.9984    1.42307
         0          0          0          1
0.442398 0.164516 -3.59205e-09

   0.673865    0.737592  -0.0431732     1.48431
   0.738076   -0.674687 -0.00649811    -1.42625
 -0.0339213  -0.0274863   -0.999046    0.981038
          0           0           0           1
0.442398 -0.20668 -3.86434e-09

  0.673865   0.738453  0.0243547    1.48014
  0.738076  -0.671275 -0.0680752   -1.44275
-0.0339217   0.063849  -0.997383   0.539122
         0          0          0          1
0.442398 0.221724 1.25657e-11

  0.673865   0.737289  -0.048081    1.47488
  0.738076  -0.674715 -0.0020079   -1.45826
-0.0339214 -0.0341343  -0.998841  0.0972047
         0          0          0          1

22
   1    0    0    0
   0   -1    0 -0.3
   0    0   -1 8.75
   0    0    0    1
0.433215 -0.552291 0.2

   0.980162   -0.196773  -0.0237353 -0.00343845
  -0.196773   -0.951764   -0.235427   -0.351412
  0.0237352    0.235427   -0.971602      8.3209
          0           0           0           1
0.433215 -0.811991 0.2

  0.923362  -0.363476  -0.123646 -0.0332383
 -0.369915  -0.756028  -0.539986  -0.521862
  0.102792   0.544341  -0.832542    7.92619
         0          0          0          1
0.433215 -0.04529 -0.2

 0.976939 -0.170336 -0.128747 -0.087953
-0.213333  -0.80379 -0.555348 -0.759138
-0.00889024  0.570007 -0.821592   7.56784
        0         0         0         1
0.433215 0.0656383 -0.2

 0.991679 0.0235478 -0.126564 -0.143065
-0.0477954 -0.845514 -0.531809 -0.994709
-0.119534  0.533433 -0.837353   7.20842
        0         0         0         1
0.433215 0.470955 -0.176676

 0.974445  0.170267 -0.146511 -0.201248
  0.11002 -0.930434 -0.349553  -1.18619
-0.195836  0.324501  -0.92539   6.82511
        0         0         0         1
0.433215 -0.0884663 -0.179063

 0.928037  0.346519 -0.136647 -0.262961
 0.272729 -0.881981 -0.384354  -1.34526
-0.253706  0.319427 -0.913017   6.42688
        0         0         0         1
0.433215 0.678195 -0.196987

  0.847274   0.464747  -0.257172  -0.347002
  0.448611  -0.885362  -0.121994   -1.45501
 -0.284386 -0.0120076  -0.958635    6.01791
         0          0          0          1
0.433215 0.0912425 -0.0925984

  0.801161   0.530604  -0.276768  -0.462591
  0.528793  -0.844202 -0.0877569   -1.50033
 -0.280212 -0.0760453  -0.956921     5.6029
         0          0          0          1
0.433215 0.228857 -0.120509

   0.733327    0.593027   -0.332492   -0.594371
   0.626841   -0.779115 -0.00708865    -1.52059
  -0.263253   -0.203221    -0.94308      5.1909
          0           0           0           1
0.433215 -0.00941699 -0.2

    0.60076    0.728273   -0.329706   -0.737861
   0.769155   -0.638985 -0.00994398    -1.52425
  -0.217919   -0.247621   -0.944031     4.78217
          0           0           0           1
0.433215 -0.0996527 -0.2

  0.442721   0.846526  -0.295621  -0.873467
  0.880686  -0.472476 -0.0340468   -1.53406
 -0.168495  -0.245276  -0.954698    4.37086
         0          0          0          1
0.433215 0.0613818 -0.2

 0.266535  0.909481 -0.319066  -1.00646
 0.957077  -0.28885 -0.023849  -1.54633
-0.113852 -0.299014 -0.947432   3.95867
        0         0         0         1
0.433215 -0.0187567 -0.189905

 0.0898162   0.945983  -0.311528     -1.143
  0.994377  -0.102791 -0.0254458   -1.55703
-0.0560935  -0.307491  -0.949896    3.54758
         0          0          0          1
0.433215 -0.540784 -0.163753

-0.0701246     0.9941 -0.0827513   -1.22882
  0.997255  0.0678879 -0.0295447   -1.57061
-0.0237526  -0.084596  -0.996132    3.12407
         0          0          0          1
0.433215 -0.426992 1.5333e-11

-0.0701304   0.992361   0.101496   -1.22474
  0.997254  0.0721721 -0.0165813   -1.58063
-0.0237798   0.100054  -0.994698    2.69159
         0          0          0          1
0.433215 0.239318 1.14439e-10

 -0.0701101    0.997538 -0.00170028    -1.20312
   0.997256   0.0700495  -0.0239371    -1.58934
  -0.023759 -0.00337385   -0.999712     2.25926
          0           0           0           1
0.433215 0.100377 -3.90077e-11

-0.0700926   0.996523   -0.04504   -1.21332
  0.997259   0.068928 -0.0269107   -1.60037
-0.0237126 -0.0468028  -0.998623    1.82639
         0          0          0          1
0.433215 -0.0141723 -8.29863e-11

-0.0700755   0.996783 -0.0388981   -1.23158
  0.997261  0.0690773 -0.0264386   -1.61193
-0.0236666 -0.0406443  -0.998893    1.39377
         0          0          0          1
0.433215 -0.0626998 -6.68719e-11

-0.0700924    0.99747 -0.0118351   -1.24248
  0.997259  0.0697857 -0.0246015   -1.62298
-0.0237133 -0.0135271  -0.999627   0.960771
         0          0          0          1
0.433215 -0.21523 -1.98958e-11

-0.0701101   0.99424 0.0810634  -1.22738
 0.997256  0.071794 -0.018045  -1.63223
-0.0237609 0.0795759 -0.996546  0.527979
        0         0         0         1
0.433215 0.0854558 1.61024e-12

-0.0701273   0.996559  0.0441856   -1.20016
  0.997254  0.0710956 -0.0207364   -1.64063
-0.0238064  0.0426101  -0.998808  0.0956412
         0          0          0          1

22
   1    0    0    0
   0   -1    0  0.3
   0    0   -1 8.75
   0    0    0    1
0.433038 0.906906 0.2

  0.980322  -0.193588  0.0386411 0.00561402
 -0.193588  -0.904444   0.380137   0.383665
-0.0386411  -0.380137  -0.924123    8.32799
         0          0          0          1
0.433038 0.109757 0.0963862

 0.957236 -0.284941 0.0500729 0.0246927
-0.278844 -0.862566  0.422169  0.557443
-0.0771022 -0.418078 -0.905133   7.93186
        0         0         0         1
0.433038 0.383246 -0.2

  0.993724 -0.0778512  0.0803216   0.054105
 -0.109669   -0.81946   0.562546    0.77094
 0.0220255  -0.567824  -0.822855     7.5568
         0          0          0          1
0.433038 -0.287847 -0.2

 0.990362  0.111303 0.0824272  0.088495
0.0618791 -0.888017  0.455628  0.991722
  0.12391 -0.446136 -0.886346   7.18614
        0         0         0         1
0.433038 -0.223655 -0.2

 0.949353  0.297096  0.102287   0.12784
 0.241187 -0.897673  0.368797   1.17026
 0.201389 -0.325449 -0.923865   6.79377
        0         0         0         1
0.433038 -0.344684 -0.14885

 0.896101  0.415627  0.155747  0.183036
 0.375217 -0.896811  0.234399   1.30092
 0.237098 -0.151606 -0.959583   6.38504
        0         0         0         1
0.433038 -0.759488 -0.152471

  0.827691   0.472176   0.303277   0.281738
  0.510484  -0.857968 -0.0574103    1.33868
  0.233094   0.202336  -0.951172    5.96708
         0          0          0          1
0.433038 -0.260238 -0.0037446

 0.826008  0.438177  0.354557  0.424284
  0.51367 -0.844155 -0.153449    1.2929
 0.232063  0.308875 -0.922357   5.56095
        0         0         0         1
0.433038 -0.0159867 -0.139898

 0.757008  0.546609  0.357991  0.578588
 0.626286 -0.763201  -0.15903   1.22532
 0.186292  0.344591 -0.920083   5.16204
        0         0         0         1
0.433038 0.247051 -0.102614

  0.695187   0.656153   0.293562   0.720135
  0.701889  -0.707755 -0.0802148    1.17384
  0.155137   0.261812  -0.952569    4.75631
         0          0          0          1
0.433038 0.0049464 -0.173387

   0.57147    0.76688   0.292091   0.846974
  0.813498   -0.57621 -0.0787619    1.13942
  0.107905   0.282625  -0.953142    4.34363
         0          0          0          1
0.433038 -0.20602 -0.170223

 0.435647  0.823556  0.363274  0.988605
 0.898649 -0.420988 -0.123284   1.09506
0.0514025  0.380164  -0.92349   3.93691
        0         0         0         1
0.433038 0.0254408 -0.179063

 0.281608  0.891911  0.353824   1.14381
 0.959394 -0.255527 -0.119454    1.0425
-0.0161302  0.373096 -0.927652   3.53603
        0         0         0         1
0.433038 0.389314 -0.000352267

  0.281295   0.938731   0.199139    1.26382
  0.959484  -0.271617 -0.0749352    1.00031
-0.0162544    0.21215  -0.977102    3.12263
         0          0          0          1
0.433038 0.449659 6.83996e-09

 0.281271   0.95953 0.0137571   1.31006
 0.959492  -0.28096 -0.020912  0.979494
-0.0162005 0.0190818 -0.999687   2.69324
        0         0         0         1
0.433038 0.0946706 1.46964e-10

   0.281232      0.9593  -0.0255517     1.30751
   0.959505    -0.28154 -0.00929671    0.972953
 -0.0161121  -0.0219024    -0.99963     2.26022
          0           0           0           1
0.433038 -0.248392 2.49201e-10

  0.281193   0.956508  0.0776116    1.31879
  0.959517  -0.278882 -0.0393822   0.962403
-0.0160249  0.0855437  -0.996206     1.8276
         0          0          0          1
0.433038 0.331996 1.77248e-10

  0.281152   0.957773 -0.0602019    1.32257
  0.959531  -0.281602 0.00106136   0.954092
-0.0159364  -0.058064  -0.998186    1.39496
         0          0          0          1
0.433038 -0.0943276 -2.16678e-11

  0.281112   0.959445 -0.0210115    1.30498
  0.959544  -0.281367 -0.0103574   0.952079
-0.0158493 -0.0172499  -0.999726   0.962263
         0          0          0          1
0.433038 0.0489462 -3.8837e-12

   0.281112    0.958784  -0.0413414     1.29148
   0.959544   -0.281524 -0.00439178    0.948886
 -0.0158493  -0.0384343   -0.999135    0.529456
          0           0           0           1
0.433038 -0.0838697 -5.5874e-12

   0.281112    0.959653 -0.00650002     1.28113
   0.959544   -0.281179   -0.014611    0.944772
 -0.0158491 -0.00212973   -0.999872   0.0965851
          0           0           0           1
