4
19
                       1                        0                        0                        0
                       0                       -1                        0                    -0.75
                       0                        0                       -1                     8.75
                       0                        0                        0                        1

0.5 -0.1275920533 -0.8144386377
     0.68638438626958309      0.72682390585590573     0.024565914631725222     0.004187621638739235
     0.72682390585590584     -0.68446010656132872    -0.056933051933126838     -0.76508150123007446
   -0.024565914631725222     0.056933051933126831     -0.99807572029174563       8.2503280217922299
                       0                        0                        0                        1

0.5 -0.2179159627 -0.05887877418
     0.64258967320396876      0.75889723561333355      0.10561012105881305     0.036585983104223181
     0.76558050982128767     -0.63034485166840593     -0.12865399704988945       -0.811724005010238
   -0.031064366618267166      0.16352478024316683      -0.9860500247822267       7.7538125442876362
                       0                        0                        0                        1

0.5 -0.1686242293 -0.8479037538
     -0.1395929673518144      0.97307910284373622      0.18338719441319976      0.10807362481995039
     0.97440706707510205      0.16794305795426542     -0.14941886400006005     -0.88408114241137092
    -0.17619498034851486      0.15783595564319192     -0.97161882444000991       7.2644155629412399
                       0                        0                        0                        1

0.5 -0.3856539971 0.5586008913
     0.38444075881209822      0.84823588811475736      0.36428173311071588      0.24599979129389812
      0.9230187111225272     -0.34654679734004024     -0.16715793780455246     -0.95906743477064382
   -0.015548693890078125      0.40050118023238102     -0.91616430990886266        6.790508652831206
                       0                        0                        0                        1

0.5 0.3849480229 -0.09170169878
     0.30243106983297274      0.93360251930284188      0.19215042011681982      0.38579296790504652
     0.95216079233583206     -0.28662813874789617      -0.1059912053725135       -1.026873823432503
   -0.043877939082013234      0.21501312989978988     -0.97562496915188224        6.316072636997105
                       0                        0                        0                        1

0.5 0.4554767567 0.3145489123
     0.58079108983449501      0.81399852651394411   -0.0093866288936455822      0.43034611871228601
     0.81398752175172673     -0.58085186852968496   -0.0059515760985508204      -1.0576584795108865
   -0.010296815106724796   -0.0041839764222312559     -0.99993823306240071       5.8200966066460218
                       0                        0                        0                        1

0.5 0.08276256779 -0.5875122478
    0.032468982579627992      0.99831910675169389    -0.048007564661659174      0.41631723226956213
     0.99945730145875544    -0.032163998883999255    0.0071119432346999972       -1.056416813941722
   0.0055558735611331619    -0.048212428587343203     -0.99882165274821844       5.3203302778995436
                       0                        0                        0                        1

0.5 -0.3039452839 0.3235808004
     0.34815509461118183      0.93206035790521258      0.10025726566132551      0.42980011713174809
     0.93732793390058899     -0.34774899289948991    -0.022067674708597926      -1.0581531321135438
     0.01429595837755086      0.10165690905687355      -0.9947167930698011       4.8209946372648327
                       0                        0                        0                        1

0.5 -0.3301492676 -0.1847414563
     0.17333107590342511      0.95088346200518847      0.25647023182269735      0.51885239149018303
     0.98466805364122745     -0.16212823425922282    -0.064368158233586034      -1.0810401182729334
   -0.019625551318582742      0.26369504610631939     -0.96440642905075424       4.3300981738449522
                       0                        0                        0                        1

0.5 -0.3464964882 -0.3413496326
      -0.145867479047254       0.8964377087802422      0.41847594056675252      0.68798292411182516
     0.98011911097459881      0.18845466325590302    -0.062059392516093687      -1.1151839529365828
    -0.13449612209562553      0.40110381969501807     -0.90610513681763483        3.861475941880546
                       0                        0                        0                        1

0.5 0.2880493239 0.5319124081
     0.34293547956986692      0.89472250339942927      0.28612392203876136      0.86412254429362312
      0.9378664285744398     -0.34328458447229659    -0.050618733851293035       -1.146560734385311
    0.052932211414321535      0.28570498066071748     -0.95685466243335426       3.3950399499540027
                       0                        0                        0                        1

0.5 0.3531787025 -0.8651743838
    -0.47510644850782591      0.87182338804457671      0.11915470047276949      0.96527147975559502
     0.87258416884063317      0.48426037527061866    -0.063943390834874186      -1.1690316554808013
    -0.11344924360692026     0.073592587950381289     -0.99081451348059246       2.9065412908304396
                       0                        0                        0                        1

0.5 0.1223896791 0.5823278502
    0.084407081015337698      0.99460164699791054     0.060357339765046564       1.0104643515739713
     0.99386531793699995    -0.079690760760862664    -0.076688411454024344      -1.2056358445658604
   -0.071464498014447722      0.06646011163395707     -0.99522654661395815       2.4100127347505711
                       0                        0                        0                        1

0.5 0.2351809756 -0.5085149423
    -0.41114204481457295      0.90995647983569683    -0.054234894585663655       1.0115783398337024
      0.9092057558921649      0.40506527663077257    -0.096265337066844481      -1.2464883152155437
   -0.065628594669160142    -0.088889405853916692     -0.99387703519534487       1.9119722098498169
                       0                        0                        0                        1

0.5 0.1716382361 0.0596689334
    -0.35635221490022073      0.92483206949973651     -0.13303661962234511      0.96481366305262206
     0.93146824552667873      0.34045558234902229     -0.12828446524361189      -1.3028568389964488
   -0.073348527668645885     -0.16963383999727735     -0.98277380602894571       1.4175207212844931
                       0                        0                        0                        1

0.5 0.1084664552 0.6123435867
     0.23755350418195095      0.95347117749656474     -0.18563686685082009      0.88521041905074649
     0.95579228359589186     -0.26352768248627845      -0.1304387641077695      -1.3689111524643751
    -0.17329005531024219     -0.14644409939196812     -0.97392231850586941      0.92839942547100562
                       0                        0                        0                        1

0.5 -0.1932441767 -0.5447874203
    -0.29491015173412161      0.95116269539917397    -0.091200489500519996       0.8160104214944548
     0.95054405492698546      0.28230070855939898     -0.12950795184013256      -1.4361065872125274
   -0.097437169740926241     -0.12488329282909891     -0.98737539017591425      0.43798775008025342
                       0                        0                        0                        1

0.4430365902 -0.4211352919 -0.8906512926
    -0.92784445974358631      0.37066363677245667      0.04138993715564275      0.80903149202717795
     0.37066061481461565      0.92873366109170874   -0.0080309015959343227      -1.4710895534445387
   -0.041416991059026805    0.0078901920007151127     -0.99911079351681897   -0.0029827587295128688
                       0                        0                        0                        1

20
                       0                        1                        0                    -0.75
                       1                       -0                        0                        0
                       0                        0                       -1                     8.75
                       0                        0                        0                        1

0.5 0.09190825792 -0.6559666171
    -0.60970446252869148      0.79147713193302038    -0.042713206384908289     -0.76108047926059208
     0.79249551947878327      0.60970446252869148    -0.014536848993259298   -0.0024582763954952291
    0.014536848993259298    -0.042713206384908289       -0.998981612454237       8.2501722160054332
                       0                        0                        0                        1

0.5 0.402112796 -0.06872667392
    -0.66196316440109848      0.72356616540153362     -0.19559338757280267     -0.82122647022004702
     0.74914261689403749      0.64714888682128957     -0.14136356616582246    -0.041119458854082552
    0.024292149539254154     -0.24010481580361104     -0.97044297560375814       7.7561612048031749
                       0                        0                        0                        1

0.5 0.312514012 -0.6500984678
    -0.95376224484229377      0.14044639989913882     -0.26572991752672342     -0.94038241074014839
     0.21350731991663804      0.93885894537369541     -0.27010832092663606     -0.14207388839032695
     0.21154716886643138     -0.31435440103037116     -0.92543454976428974       7.2817047654621812
                       0                        0                        0                        1

0.5 0.4689714469 0.6857928205
    -0.67147042040200078      0.64645321081623408     -0.36225090855723407      -1.0923899788570579
     0.73363102655725498      0.51100643096456067     -0.44794859569532058     -0.32580539997385588
    -0.10446526407236148     -0.56654273778616482     -0.81738383570024697        6.843514383912277
                       0                        0                        0                        1

0.5 0.2540227992 -0.7727455115
    -0.91417034637845729    -0.050738490362733764     -0.40214199407423462      -1.2872161132342395
     0.19070533407429408      0.82162202297194653      -0.5371859332885569     -0.57042815964798999
      0.3576647219924029     -0.56777007402926483     -0.74142638857738286        6.453805265232508
                       0                        0                        0                        1

0.5 -0.03257337864 -0.2365825058
    -0.87758585912234266     -0.25708543324978722     -0.40466052424133042       -1.488776581867912
  -0.0082014229572955431       0.8519905646220729     -0.52349289819102318     -0.83561849531805032
     0.47934934706326127     -0.45609117268999033     -0.74980333799223298       6.0809219758131308
                       0                        0                        0                        1

0.5 -0.3927078273 0.7276840625
    -0.79832189720948532      0.46452600293376806     -0.38327241100061477       -1.691720280939923
     0.59245640903450381      0.71998237044909763     -0.36141498258434052      -1.0557550860969447
     0.10806272173968226     -0.51559769088008467     -0.84998909953559809       5.6814653865439668
                       0                        0                        0                        1

0.5 -0.3690831137 -0.4305105609
    -0.93338359412392935      0.15140917404692522     -0.32537720915073809      -1.8664662082523802
     0.22570426916346664      0.95255358415697255     -0.20420394754042093      -1.1989546859289053
      0.2790208757453117     -0.26403963968338828     -0.92327158494897155       5.2362088172887216
                       0                        0                        0                        1

0.5 -0.3460215973 0.2892725107
    -0.84366061656170921       0.4630419006968905     -0.27171485469463574      -2.0179899823250018
     0.49177133034955051      0.86955705173165243    -0.045072080382313112      -1.2606742529195325
     0.21540130619137246     -0.17164711469397709     -0.96132176991280271        4.764393176306033
                       0                        0                        0                        1

0.5 -0.3371511302 0.7930784422
    -0.24707580829973028      0.95810014523172404     -0.14490568194513193      -2.1256611018055955
     0.96476908488539981      0.25718467432573477     0.055467613445634084      -1.2537262000085125
    0.090411049116926268     -0.12609581673836262      -0.9878895116351134       4.2767668430865404
                       0                        0                        0                        1

0.5 -0.4286243701 -0.5955765478
    -0.74691785805366817       0.6639967564025353     0.034957414198308612      -2.1505042158934851
     0.65957386042386323      0.73324065750926593      0.16528902208235674      -1.2028167251449307
    0.084119177160040193      0.14651431896675382      -0.9856254452740284       3.7809373726800493
                       0                        0                        0                        1

0.5 -0.04900332773 -0.2461979991
    -0.88610351306585777      0.46091021560286849     0.048809192630713316      -2.1293550207616749
     0.46149582383758825      0.86763814237516124      0.18500177965696846      -1.1153813716467833
    0.042920492923663976      0.18645596544143417     -0.98152534569337191        3.289108856742867
                       0                        0                        0                        1

0.5 -0.265079705 0.4686936843
    -0.58458717925203973      0.80017627812595349       0.1340736878684253       -2.085515345689823
     0.79693423427402421      0.53532680989989867      0.27985895169615838     -0.99732370393589931
     0.15216325475034398      0.27044986693820827     -0.95063305926992037       2.8056035551849772
                       0                        0                        0                        1

0.5 -0.3694827782 -0.6644877223
     -0.9431993410836732      0.23605953444137154      0.23377531772761456      -1.9891759529858362
     0.31618502260403181      0.85383285342976578      0.41351721836565902      -0.8264510398622783
    -0.10199036454593113      0.46394542200921363     -0.87997307398379021       2.3464506351534409
                       0                        0                        0                        1

0.5 0.3153775451 0.387077758
    -0.77779519467436409      0.60609253397776119      0.16639253408096188       -1.886695629608125
     0.62623905682479086      0.72480137013171264      0.28720657646089592     -0.65212035386983092
    0.053472225020692835      0.32758939865570874     -0.94330583960862247       1.8897323784307032
                       0                        0                        0                        1

0.5 0.3242259249 0.7095674013
    -0.18824425281144835      0.98161053817710586     0.031699410453693261      -1.8346134471829718
     0.96130187326863759      0.17754688386608208      0.21065567279248015      -0.5313843907663518
      0.2011536967934415     0.070127422375960369     -0.97704622966225929       1.4078897295706163
                       0                        0                        0                        1

0.5 -0.02803483861 0.8397581048
     0.60490904746979279      0.79502549658890298      0.04493889254038165      -1.8153435916472405
     0.77281889316083208     -0.59974225805272863      0.20750947515590962     -0.42638369245429597
     0.19192707641928716    -0.090794733764586411     -0.97720024235453562      0.91942322348421057
                       0                        0                        0                        1

0.5 0.3829330148 0.2784059912
     0.80002654920188387      0.59328938529552344    -0.089248114085315938      -1.8280333723190159
     0.58481772967277068      -0.7379379129472009      0.33680240452751498     -0.29141031940832729
     0.13396172450559196     -0.32164474491399542     -0.93733607336787095      0.43894396207606939
                       0                        0                        0                        1

0.4672900642 -0.3202086657 0.5375174726
     0.99352952766576708      0.10792211723398137    -0.035382117912480381      -1.8543097191870779
     0.11291425030055395     -0.97213471976556021      0.20543723787424761     -0.16334698587084423
   -0.012224963611471039      -0.2081031072282945     -0.97803049391449304   -0.0092369557787604917
                       0                        0                        0                        1

19
                       1                        0                        0                        0
                       0                       -1                        0                     0.75
                       0                        0                       -1                     8.75
                       0                        0                        0                        1

0.5 0.08155882312 -0.3652983377
     0.93402639193912973      0.35712806981301237   -0.0073648430263993005   -0.0012330285945767773
     0.35712806981301226     -0.93320423116305895     0.039867338649525866      0.76008058655851918
   0.0073648430263993014    -0.039867338649525866     -0.99917783922392944       8.2501376468911296
                       0                        0                        0                        1

0.5 -0.02594703529 -0.3207109286
     0.77380896275472455      0.63341843065325432  -0.00088366805193778458     -0.00344476585373124
     0.63317736992433882     -0.77347443403207405     0.028700489794774117      0.77713605099085847
    0.017495924558440762    -0.022768214851658853     -0.99958766549828637       7.7504370116427754
                       0                        0                        0                        1

0.5 0.4142474611 -0.8975167249
  -0.0078142398067387094      0.98340376595700651     -0.18126216030330461    -0.045917202915007983
     0.99332050951758988     0.028502406406669359      0.11181224530768162      0.81928530923117815
     0.11512299087479835     -0.17917769373057338     -0.97705785450066029       7.2549063120532189
                       0                        0                        0                        1

0.5 0.2494179632 -0.7787915932
    -0.68610592221555233      0.66725515121963819     -0.28987795133746408     -0.16536229286721421
     0.68226272339738514      0.72847327490071201     0.062002129139373113      0.86641437385605335
     0.25253958058714343     -0.15523289253985539     -0.95505314475717995       6.7720042937893883
                       0                        0                        0                        1

0.5 -0.08192519867 -0.8582695546
    -0.95813526275434291    -0.072842834641178258     -0.27689481704810837     -0.30577648233559879
    -0.10399674912056456      0.98958520204695422     0.099527905946242723      0.90634564124131034
     0.26676111867928148      0.12415735713652941     -0.95573189558047611       6.2938252045790977
                       0                        0                        0                        1

0.5 0.2983514068 0.1784586048
    -0.95949848111797265     0.057634076565046599     -0.27575528635150154     -0.44312727660416418
     0.07398258134308687      0.99604281749194779    -0.049247166218139807      0.91895600071723327
     0.27182575740742021    -0.067653669088955593     -0.95996548826959593       5.8137075511861962
                       0                        0                        0                        1

0.5 -0.1865960206 0.5461509303
    -0.78328343872961548      0.57107071994672476     -0.24565277818791093     -0.57548552242804107
     0.58103210469239086      0.81302219238474338     0.037371218961079408      0.91670215844227365
     0.22106276920512835     -0.11345989383670314     -0.96863724095345594       5.3317358545629236
                       0                        0                        0                        1

0.5 -0.06617457606 -0.1979721275
    -0.88108564729643035      0.41365007558585809     -0.22930699312503539       -0.694008293466575
     0.40992893128397367      0.90972881197300215      0.06596787068392089      0.94240351792196486
     0.23589479312738137    -0.035876226585377619     -0.97111613257188956       4.8466904795788581
                       0                        0                        0                        1

0.5 0.3056869321 -0.5912718851
      -0.951412552065244     -0.18320646194048265     -0.24748646038915137     -0.81703156387766351
    -0.16749596310350018      0.98234762319603197    -0.083296155644417502      0.93853681848273107
     0.25837813010533889    -0.037796024980921911      -0.9653042019896676       4.3625730930651274
                       0                        0                        0                        1

0.5 -0.3318443249 -0.782599017
    -0.56193514458742078     -0.75847773704593657     -0.33006123020310979     -0.95739831391544594
    -0.81337326336760019       0.5792640042443653      0.05363905131082998      0.93393941470756148
     0.15050856359774525      0.29860464797531083     -0.94243431415207035       3.8832875926581796
                       0                        0                        0                        1

0.5 0.3777544757 -0.1117180042
    -0.47091693239874804     -0.86440600340055629      -0.1761803169063762      -1.0847930138012858
    -0.87307750704597142      0.48528169459262327    -0.047300566420552581      0.93478381166700464
     0.12638397632036394      0.13154443423569795     -0.98322080549135182       3.4005580116771936
                       0                        0                        0                        1

0.5 0.412317289 -0.6829700668
     0.18776322924329547     -0.98195321480665498     0.022646272872277801      -1.1241949188183396
     -0.9787805951100057     -0.18898330516874376    -0.079207682730920548       0.8973151183637853
    0.082058006192169367    -0.007293442148515572     -0.99660086761019373       2.9043997434168927
                       0                        0                        0                        1

0.5 -0.0662999996 0.1072382201
    0.081562573033796132     -0.99661620165049492    -0.010182990123099308      -1.1210588406264823
    -0.99324155828502625    -0.080431409314445104    -0.083677925949594403       0.8564437473947375
    0.082575744475240229     0.016939155924448526     -0.99644082183586091       2.4061058427489974
                       0                        0                        0                        1

0.5 -0.3600119094 -0.2144995036
      0.2904940156808879     -0.93872090444544298     -0.18551628071606568      -1.1704184559722257
    -0.95511794664054905     -0.27270854558728846     -0.11567090026799377       0.8080505552652596
    0.057990817020748396      0.21079163342219315     -0.97580938324063515       1.9115874461347677
                       0                        0                        0                        1

0.5 -0.1592507625 -0.5875419847
     0.75737791557588918      -0.6037237470601492     -0.24878973096487436      -1.2801129540293075
    -0.64665914472506947       -0.746347004050114     -0.15747412514080586      0.74134498543982907
   -0.090612601449041458      0.28014957929840584     -0.95567022014791392       1.4284860751259236
                       0                        0                        0                        1

0.5 -0.1514336378 -0.859287617
     0.94386067323573541      0.19693760824178963     -0.26522180901839099      -1.4111737117255518
     0.13752279593893313     -0.96423657899437798     -0.22657294703110212      0.64602930918617996
    -0.30035730408319211      0.17737924960158974     -0.93718839711909185      0.95559974116459423
                       0                        0                        0                        1

0.5 0.3080988571 0.9175380664
      0.7127026300454925     -0.66392221621615644     -0.22641168684691459      -1.5396891054868709
    -0.69369729807647984     -0.71499112334753301    -0.087015815663735147      0.56925552358251652
    -0.10411061313636159      0.21907757609774037     -0.97013710159106292      0.47903995930093701
                       0                        0                        0                        1

0.4943526868 0.1802486645 0.5720002974
     0.23481439626048647     -0.96008776053055001      -0.1519660863095999      -1.6343084352571233
    -0.97201616155491255     -0.23082126342305936    -0.043659203243274831       0.5387430637065771
   0.0068396626289444311      0.15796530135196321     -0.98742097536152451   -0.0050476841948042805
                       0                        0                        0                        1

20
                       0                        1                        0                     0.75
                       1                       -0                        0                        0
                       0                        0                       -1                     8.75
                       0                        0                        0                        1

0.5 -0.07894712174 -0.3641862362
    -0.35609569915859118      0.93365205102213822     0.038596640565065246      0.75975852955546863
     0.93442245884298736      0.35609569915859113    0.0071078442990426052    0.0011899651145698251
   -0.007107844299042607     0.038596640565065239     -0.99922959217915075       8.2501289784064245
                       0                        0                        0                        1

0.5 -0.3456069997 -0.3383218179
    -0.64317675225336524       0.7429766003042253      0.18522806688293392       0.8170909111794491
     0.76419215558230669      0.63809392322867753     0.094055805164284773     0.024445548352429746
   -0.048311641529558247        0.202044343001753     -0.97818406690852922       7.7545958758163751
                       0                        0                        0                        1

0.5 -0.4423456313 -0.8110239301
    -0.96222576133295556   -0.0030842435707075719      0.27223532406506468      0.93841447253054788
    0.076596320648068011      0.95647897407417026      0.28156877635348865      0.11538245600685362
    -0.26125579015668265      0.29178495436814278     -0.92011246731798435       7.2791848273102921
                       0                        0                        0                        1

0.5 -0.4982022326 0.4637584569
    -0.87784959139635022      0.35852168767275178      0.31755675768835845       1.0820918578291836
     0.47602599335999235      0.72613191089383822      0.49611662099479725      0.31220574252391653
   -0.052719527035941571      0.58668104405200006     -0.80810024379352985        6.844056629290062
                       0                        0                        0                        1

0.5 -0.3543125517 -0.4523062603
    -0.93319031812426012     -0.11864786744114965      0.33923224155555964       1.2498252705589732
     0.13210286097031229      0.76459942767250955      0.63082212177945141      0.59365535678961079
    -0.33422247722527654      0.63349064614604877     -0.69784306041033439       6.4672239110759326
                       0                        0                        0                        1

0.5 0.4372926031 -0.0116877094
    -0.93218288719842912    -0.053054345380151982      0.35807862439788862       1.4247510392912786
     0.12242588362888636      0.88470315014334677      0.44979132844478564      0.86490377108969496
    -0.34065667149211543      0.46312587118700527     -0.81820991170065316       6.0866573586244535
                       0                        0                        0                        1

0.5 0.379649682 0.2084052764
    -0.91594779378098001       0.2078243130875701      0.34329097564228905       1.6021595627174108
     0.31056755302964434      0.90886091190751184      0.27842348645871257       1.0471488009959262
    -0.25414057935114193      0.36163641644105171     -0.89701263549112875       5.6570479391784056
                       0                        0                        0                        1

0.5 0.4944615092 0.08794964965
       -0.89064568334409       0.3642474465922137      0.27216550918805138       1.7576368949381496
     0.39140275872774849      0.91879447214177068     0.051191780805443732        1.129655063840316
    -0.23141768990474071      0.15212006972381134     -0.96088778594921087       5.1904120659677657
                       0                        0                        0                        1

0.5 0.446427145 0.6373936242
    -0.48294185523043759      0.86604025820698394       0.1293886997823363       1.8627282700550267
     0.86049727842507628      0.49674587890793304     -0.11308388749517503       1.1102265803889575
    -0.16220850251950203     0.056725681598069955     -0.98512466153153189        4.703014913967527
                       0                        0                        0                        1

0.5 0.4794485276 0.2341887766
    -0.26718218933364069      0.95929492954407281    -0.091470847016494716       1.8731409568309985
      0.9481427918799723      0.24473858294813022     -0.20280106563475503       1.0287334400002683
    -0.17215958848967283     -0.14091225698133431     -0.97493836314071303       4.2110213438966122
                       0                        0                        0                        1

0.5 0.349559942 0.546427999
     0.26327513499371846      0.92870384024660602     -0.26114245232295286       1.7847636207058934
     0.92752728775445747     -0.31811309328586823     -0.19620700892413567      0.92485979205265689
    -0.26529103596785653     -0.19056032375944076     -0.94514942164919002        3.730635836683414
                       0                        0                        0                        1

0.5 0.01682625711 -0.7302350066
    -0.42256725305347292      0.86547800309633593     -0.26904412798502153       1.6521946124616882
     0.90379507829383166      0.38019718149439224     -0.19648043066821316      0.82693492658191792
   -0.067759671624711235     -0.32618695458294822     -0.94287363817280023       3.2585821001840007
                       0                        0                        0                        1

0.5 0.2659160595 0.1958153146
    -0.25009370071928011      0.88788449190713137      -0.3861531689515833       1.4885195343901172
      0.9577578936813651      0.16838766148468703     -0.23312102554414313      0.71836005811265746
    -0.14196111422347232     -0.42814334572726126     -0.89249107421749418        2.799175563968197
                       0                        0                        0                        1

0.5 0.02963476744 -0.5748560124
    -0.69103437173789284      0.60369720919628933     -0.39751877526153057        1.292425119006412
     0.71323536572765556      0.65876517828569336     -0.23942379362451741      0.60052828980378714
     0.11733205083076334     -0.44897451986368869     -0.88580758088933587       2.3545879677686528
                       0                        0                        0                        1

0.5 -0.2139118584 -0.08830489297
    -0.74335731176092401      0.57945429936469073      -0.3341446124050898       1.1096173452012867
     0.65134431344197119      0.74074509093850782      -0.1644606202022485      0.49919172591743272
     0.15221856785024446     -0.33989619768140433     -0.92806254229084384       1.9006341738244816
                       0                        0                        0                        1

0.5 -0.3338441413 0.2583649034
    -0.56423222796288341      0.79620095911628619     -0.21841709097583595      0.96996704507023201
     0.82167305522296441       0.5673555074436557    -0.054416160227551316      0.44568037629119361
    0.080593940520360868     -0.21017078977740367     -0.97433713666048016       1.4241305766881771
                       0                        0                        0                        1

0.5 -0.4528525535 0.5185278399
   -0.086724083553834458      0.99618314835715294   -0.0099029420365005227      0.91099017496363488
      0.9959787932955938     0.086921992156806169     0.021698170082849716      0.44205786461338964
    0.022476134836748533   -0.0079813663443595306     -0.99971552011263554      0.92869961468525419
                       0                        0                        0                        1

0.5 -0.4324787576 -0.1321522054
    -0.21635475160528028      0.95514477827957511      0.20221046951896082      0.95943720787597009
     0.97627225230205983      0.20972018639644449      0.05394379299699778      0.45986076072417686
   0.0091165148428480128      0.20908346645084522     -0.97785530279996868      0.43234906380321247
                       0                        0                        0                        1

0.4378505572 0.2842663142 -0.169809011
    -0.37637257316820827      0.92256821186270188     0.084921025825164406       1.0221494957393191
     0.92633089160026272      0.37631167442518271     0.017337905247666714      0.47622325530421672
     -0.0159613731803867     0.085190481579644595     -0.99623682747348008  -0.00039267756148020361
                       0                        0                        0                        1
