12
22
1 -0 0 -0.125 
0 0 -1 -0.5 
0 1 0 9.05 
0 0 0 1 

0.5 0.9040924027 -0.2982817092

0.9565908124 0.2839121916 -0.06578666323 -0.1360727802 
0.06578666323 -0.4302691844 -0.9003002521 -0.9832191916 
-0.2839121916 0.8568910645 -0.4302691844 8.93972394 
0 0 0 1 

0.5 0.4205106194 0.6724757579

0.9201487793 -0.3877726818 -0.05439274923 -0.1720512905 
-0.2755336158 -0.5425001286 -0.7935835413 -1.407681587 
0.2782219446 0.7452019577 -0.6060252403 8.679663674 
0 0 0 1 

0.5 0.9351902106 -0.196386206

0.9781566126 -0.1902629016 0.08372376861 -0.160853829 
-0.1326397638 -0.8814063759 -0.4533536077 -1.726047309 
0.1600510363 0.4323457283 -0.8873899013 8.300188178 
0 0 0 1 

0.5 0.7012600591 -0.5630614965

0.9201813962 0.3885851259 0.04762140327 -0.1194981368 
0.3914471142 -0.9113954749 -0.1269938785 -1.871575556 
-0.005946000826 0.1354986653 -0.9907596867 7.82628183 
0 0 0 1 

0.5 0.2145997379 0.5947893611

0.9810916592 -0.1900451643 0.03663320531 -0.101037329 
-0.1893260228 -0.9816627812 -0.02222253327 -1.909195741 
0.04018473919 0.01486672297 -0.999081662 7.328278856 
0 0 0 1 

0.5 0.5377478795 -0.08211424023

0.9928046758 -0.0933592485 0.07498617444 -0.07204787444 
-0.108897366 -0.9643633388 0.2411321513 -1.854274274 
0.04980200112 -0.2475629242 -0.9675910083 6.833666788 
0 0 0 1 

0.5 -0.2424111255 -0.4693859335

0.9297777177 0.3566297919 0.09126109318 -0.03276755794 
0.3447273972 -0.9304772426 0.1239964624 -1.763163927 
0.1291372029 -0.08382894866 -0.9880770669 6.343919618 
0 0 0 1 

0.5 0.1656261464 -0.3419092954

0.7552752971 0.6535737834 0.04899525856 0.003323268209 
0.6346644377 -0.747983341 0.1942214538 -1.682978442 
0.1635856876 -0.115595118 -0.9797333778 5.851857169 
0 0 0 1 

0.5 0.4075373579 -0.1953963363

0.6139674941 0.7831780067 -0.09836730139 -0.007917891289 
0.7630076121 -0.5569501564 0.3280638767 -1.55078301 
0.2021467292 -0.2764755561 -0.9395200726 5.370676056 
0 0 0 1 

0.5 -0.7745758691 0.5644388291

0.9385959242 0.3218204953 0.1243754791 0.00608787718 
0.3212753548 -0.9466565438 0.02497067208 -1.456186014 
0.1257769352 0.01652140512 -0.9919209675 4.883050363 
0 0 0 1 

0.5 -0.3350399924 -0.4459117555

0.7134533587 0.6688208198 0.2089569714 0.08698971838 
0.6971911561 -0.7073964025 -0.1162532648 -1.480683048 
0.07006280598 0.2286242347 -0.9709902999 4.390836439 
0 0 0 1 

0.5 0.1429333664 -0.1557219648

0.6000229713 0.7844456543 0.1568994882 0.178798307 
0.7990228838 -0.5972684166 -0.069518844 -1.526797978 
0.0391773538 0.1670791849 -0.9851647989 3.901614307 
0 0 0 1 

0.5 0.1519503258 0.6362410603

0.9519785092 0.2837982339 0.1148715824 0.245145257 
0.2866023997 -0.9580134056 -0.008329410965 -1.547409919 
0.1076846438 0.04085189141 -0.9933454286 3.4065844 
0 0 0 1 

0.5 -0.2950172303 -0.1463516299

0.9018194108 0.399193671 0.1654272143 0.3145102028 
0.4226545368 -0.8945419898 -0.1454571105 -1.586246938 
0.08991603158 0.2010946083 -0.9754363463 2.913403364 
0 0 0 1 

0.5 -0.05331041059 -0.0419731718

0.8843691853 0.4321292666 0.1765090393 0.3999576853 
0.4597322518 -0.8718280187 -0.1690034393 -1.664887304 
0.08085419373 0.2306083321 -0.9696815954 2.427091098 
0 0 0 1 

0.5 0.86076451 0.704631244

0.9733477664 -0.1940892425 0.1221617439 0.4632659571 
-0.2191201804 -0.9442725249 0.2456333555 -1.647043947 
0.06767918649 -0.2658547813 -0.9616344227 1.935256395 
0 0 0 1 

0.5 0.2824133271 -0.6901962502

0.8683815812 0.4855672945 0.1006868014 0.5230104016 
0.418610204 -0.8266255014 0.3761060723 -1.490911107 
0.2658550857 -0.2844550632 -0.9210897841 1.464464991 
0 0 0 1 

0.5 0.4578721682 0.4950908872

0.998788791 0.02810711551 0.040384912 0.5538928226 
9.682654855e-005 -0.8219000104 0.5696317788 -1.254431342 
0.0492030658 -0.5689379253 -0.8209072392 1.026238499 
0 0 0 1 

0.5 0.8426562594 -0.3949786544

0.9092578947 0.4125675832 -0.05511869221 0.5569965296 
0.2608804261 -0.4616874322 0.847812549 -0.8937111733 
0.3243323669 -0.7852596413 -0.5274237495 0.6853368719 
0 0 0 1 

0.5 -0.7412921614 -0.3353820563

0.7231443062 0.6740866452 0.1505639639 0.5768021357 
0.4465918345 -0.6226186027 0.6425743606 -0.5186186796 
0.5268947198 -0.3974333533 -0.751284689 0.3596452422 
0 0 0 1 

0.5 -0.5389547795 0.6430255821

0.9662562282 0.0511819911 0.2524466385 0.6846062275 
-0.06421407849 -0.9012536323 0.4285072255 -0.2476940627 
0.2494503029 -0.4302584038 -0.867555331 -0.04469317481 
0 0 0 1 


22
1 -0 0 0.125 
0 0 -1 -0.5 
0 1 0 9.05 
0 0 0 1 

0.5 0.7115542153 -0.2107951675

0.978097518 0.2048382493 -0.03696669989 0.1188035468 
0.03696669989 -0.3457231052 -0.9376081258 -0.9895417138 
-0.2048382493 0.9157056438 -0.3457231052 8.962316064 
0 0 0 1 

0.5 0.7427055677 0.4269244623

0.9713194071 -0.2357397078 -0.03107087858 0.09494041876 
-0.1785220478 -0.6366917182 -0.7501690039 -1.416012372 
0.1570620507 0.734200549 -0.6605157576 8.707932813 
0 0 0 1 

0.5 0.7501505143 0.0776950156

0.9501049687 -0.3036623004 0.07134252468 0.103944222 
-0.2370542854 -0.8515591517 -0.4676026912 -1.723821513 
0.2027456887 0.4273595891 -0.8810550308 8.317732996 
0 0 0 1 

0.5 0.8152630711 0.08318258663

0.9235202124 -0.3262820095 0.2016196112 0.1717994553 
-0.3128690487 -0.9449244496 -0.09607675487 -1.866331745 
0.2218634168 0.0256482891 -0.9747403703 7.846941458 
0 0 0 1 

0.5 0.6764549585 -0.4869912738

0.9508044719 0.2175317965 0.220569204 0.2850558088 
0.1645174673 -0.9578534234 0.2354799827 -1.83166422 
0.2624973508 -0.1876079338 -0.9465190986 7.363603453 
0 0 0 1 

0.5 -0.06344346516 0.07568894566

0.9642641415 0.1379260411 0.2262102397 0.3968558995 
0.09134639126 -0.9745292529 0.2048135057 -1.721568804 
0.2486976118 -0.1768308302 -0.9523026595 6.888883767 
0 0 0 1 

0.5 0.05546694854 -0.6125453361

0.7078075222 0.6730199078 0.2145989635 0.5076804439 
0.6332874044 -0.7391518769 0.2293503135 -1.612754137 
0.3129785535 -0.02643305654 -0.9493922891 6.413634923 
0 0 0 1 

0.5 0.8139215927 -0.3366244044

0.4380987906 0.8919894286 -0.1114643841 0.5371944659 
0.8202946419 -0.3459745518 0.4554320037 -1.434860366 
0.3676766924 -0.2909578471 -0.8832651816 5.950964095 
0 0 0 1 

0.5 0.1734307026 0.3181595109

0.6932811595 0.6975634447 -0.1810151221 0.4633708246 
0.6772870651 -0.5448319155 0.4944091577 -1.198119881 
0.2462589395 -0.4653637549 -0.8501724004 5.516973402 
0 0 0 1 

0.5 -0.6673955997 0.3457532941

0.8948860988 0.4460885405 0.01356039121 0.425017198 
0.4283883624 -0.8671051955 0.2541888882 -1.006472118 
0.1251490358 -0.2216609887 -0.967059525 5.059263847 
0 0 0 1 

0.5 -0.6154675907 -0.05684475776

0.8686237372 0.4703613175 0.1557338567 0.4670290194 
0.4783968482 -0.8779880468 -0.01653618383 -0.9469191711 
0.1289544834 0.08886630799 -0.9876606302 4.566595638 
0 0 0 1 

0.5 0.9708644324 0.1236217367

0.9224454103 0.3821019778 -0.05561064265 0.4902671486 
0.3702754414 -0.834510385 0.4080300416 -0.8481626127 
0.1095014271 -0.3969766944 -0.9112732529 4.081993997 
0 0 0 1 

0.5 -0.7780598328 0.5349511536

0.9906008099 -0.1366509327 -0.006046324065 0.4833236358 
-0.1363087103 -0.9898734527 0.03962932162 -0.7337108446 
-0.01140047944 -0.03843267146 -0.9991961563 3.59852197 
0 0 0 1 

0.5 0.1699376213 -0.7732198736

0.8046220048 0.5931964732 -0.02648345769 0.4778015577 
0.5916911581 -0.7972392952 0.1196289247 -0.693207309 
0.04984980309 -0.111926093 -0.9924653882 3.100343728 
0 0 0 1 

0.5 -0.2069450775 0.1672718014

0.8922165966 0.4507573241 0.02770161548 0.4787205993 
0.4499106831 -0.8925027555 0.03192504654 -0.6549078365 
0.0391142167 -0.01602080363 -0.9991063066 2.602037056 
0 0 0 1 

0.5 0.282863867 0.5122262668

0.9990529014 -0.04347493924 -0.001797194192 0.4822703953 
-0.04255636232 -0.9848848345 0.1679012175 -0.6054982573 
-0.009069524533 -0.1676657164 -0.9858021867 2.104912055 
0 0 0 1 

0.5 -0.6789836278 -0.3607516251

0.9503044616 0.3081858606 0.04407840305 0.4878458177 
0.3111742793 -0.9359225686 -0.1649833735 -0.605464241 
-0.00959157075 0.1705005012 -0.9853109057 1.607330575 
0 0 0 1 

0.5 0.6157382275 -0.02939454353

0.9407840501 0.3344100439 -0.05563536309 0.4852935159 
0.338856055 -0.9325046287 0.1249467541 -0.6154294808 
-0.01009678407 -0.1364002931 -0.9906023496 1.109409085 
0 0 0 1 

0.5 0.8415500852 0.2163480165

0.9863685658 0.07909921528 -0.1442926423 0.4308185401 
0.1423521871 -0.8500341933 0.5071269318 -0.45595974 
-0.08254033749 -0.5207544376 -0.8497069544 0.6425678726 
0 0 0 1 

0.5 0.5777331307 0.6848671783

0.8011922765 -0.5947352955 -0.06618809835 0.3700123336 
-0.3716431176 -0.5812209918 0.7239223382 -0.1449317681 
-0.4690120779 -0.555402635 -0.686699049 0.2580454511 
0 0 0 1 

0.5 -0.6918069636 -0.4872741604

0.9763165178 -0.1025385748 -0.1905043247 0.2987027905 
-0.002948115398 -0.8867733257 0.4621951724 0.1560278607 
-0.2163269878 -0.4506871525 -0.866073741 -0.1316660326 
0 0 0 1 


16
0 -0.99999041 0 -1.8 
-0.7071 0 0.7071067812 1.2419375 
-0.7071 -0 -0.7071067812 5.4348375 
0 0 0 1 

0.5 0.9809849812 0.3235030525

-0.3052046031 -0.8322828588 0.462748542 -1.680865509 
-0.6166469805 0.5430280145 0.5699627065 1.572367224 
-0.7256566582 -0.1114035256 -0.6789713388 5.086027986 
0 0 0 1 

0.5 0.8130611847 0.2547925392

-0.4759936511 -0.4825146747 0.7352485653 -1.375418733 
-0.4349429692 0.8557969609 0.2800474696 1.790188128 
-0.7643536605 -0.1865003722 -0.6172288902 4.760700973 
0 0 0 1 

0.5 0.8452677908 -0.01699206669

-0.4705702679 -0.1462827394 0.8701412547 -0.9681325882 
-0.4499837908 0.8880646373 -0.09405422925 1.837256365 
-0.7589861307 -0.4358212803 -0.4837254128 4.481058772 
0 0 0 1 

0.5 0.615158631 0.1638639202

-0.46609738 0.200321776 0.8617454603 -0.5307098757 
-0.3037558427 0.8785831568 -0.3685301001 1.721488523 
-0.8309447068 -0.4335437159 -0.348656207 4.272992615 
0 0 0 1 

0.5 0.2705001151 -0.7565579956

-0.5181735677 -0.06949965387 0.8524357875 -0.1037003034 
-0.8042429319 0.378705176 -0.4580022993 1.512010273 
-0.2909859215 -0.9229026249 -0.2521276432 4.120011374 
0 0 0 1 

0.5 -0.7155339699 -0.5806776561

-0.311681597 -0.6139242255 0.7252120017 0.2988909847 
-0.922835242 0.0137983017 -0.3849352322 1.306758188 
0.2263253908 -0.7892361221 -0.5708533709 3.912257938 
0 0 0 1 

0.5 -0.9675169722 0.6495186789

-0.7138661041 -0.556042925 0.4256668545 0.585431052 
-0.6733293331 0.7120220921 -0.1991043937 1.146518169 
-0.1923690024 -0.4287587971 -0.8826950044 3.541524156 
0 0 0 1 

0.5 -0.600152263 -0.6208703809

-0.2250233355 -0.9557574592 0.1894016832 0.7442359488 
-0.9742985661 0.2187585829 -0.05364136962 1.089548526 
0.009844333248 -0.1966083316 -0.9804277959 3.07281757 
0 0 0 1 

0.5 -0.7956904247 0.1244654871

-0.3434706532 -0.9198964561 -0.1892068721 0.7436884591 
-0.9391053441 0.3385381622 0.05885129965 1.088859662 
0.009925745991 0.1978975303 -0.9801675658 2.576110033 
0 0 0 1 

0.5 0.6052476289 0.6302183082

-0.8289660132 -0.557554459 0.043922594 0.7119739341 
-0.5583035925 0.8203110106 -0.1240054614 1.07869602 
0.03311528219 -0.1273275429 -0.9913029229 2.079107743 
0 0 0 1 

0.5 0.6382040046 0.005001261945

-0.8316623632 -0.5115459368 0.2159613116 0.7775576769 
-0.5543614814 0.7427325628 -0.375529091 0.9527791504 
0.03170450262 -0.43204531 -0.9012891238 1.601901335 
0 0 0 1 

0.5 -0.2963538375 -0.2964096257

-0.6418945409 -0.7571579469 0.1210952589 0.8633410202 
-0.7545482141 0.5956275565 -0.2754545636 0.7909431354 
0.1364434833 -0.268193276 -0.9536487574 1.13715338 
0 0 0 1 

0.5 0.2428094279 0.2403345611

-0.8014925031 -0.5629398299 0.2017159772 0.9450274765 
-0.5954558648 0.7202880963 -0.3558198721 0.6337558888 
0.05501779912 -0.4053107161 -0.9125166712 0.6699175702 
0 0 0 1 

0.5 0.6606434579 -0.4724788795

-0.4783043449 -0.7670127431 0.427664852 1.099548263 
-0.8255876321 0.2267278391 -0.5167107109 0.4087922451 
0.2993709604 -0.600227721 -0.7416833024 0.2536698765 
0 0 0 1 

0.5 -0.08967524394 -0.6861617786

0.1220389702 -0.9133485066 0.3884350851 1.303848816 
-0.7900140729 -0.3262982496 -0.5190352848 0.1508971632 
0.6008191287 -0.2435258582 -0.7613816001 -0.1227680632 
0 0 0 1 


14
0 -0.99999041 0 -1.8 
-0.7071 0 0.7071067812 1.0651625 
-0.7071 -0 -0.7071067812 5.2580625 
0 0 0 1 

0.5 0.8329693633 0.6251456474

-0.5679853274 -0.7308792072 0.3784033197 -1.700684624 
-0.4875017112 0.669200396 0.5608059571 1.393864375 
-0.6631107488 0.1340521572 -0.7364133106 4.89953093 
0 0 0 1 

0.5 0.4290911756 -0.04522215011

-0.5364474683 -0.6583253968 0.5280270881 -1.473427914 
-0.5197356558 0.7506659337 0.4078797789 1.636764646 
-0.6648909564 -0.05563616256 -0.7448590763 4.527515774 
0 0 0 1 

0.5 0.4886584897 0.1548788788

-0.6206815829 -0.4218202234 0.6609106534 -1.1737824 
-0.3912342086 0.8971257714 0.2051622632 1.791518258 
-0.6794643356 -0.1312402802 -0.7218688354 4.160063041 
0 0 0 1 

0.5 0.9273143783 -0.1900776636

-0.5613558569 -0.1892886274 0.8056241291 -0.802637501 
-0.5566422942 0.8067277156 -0.1983183278 1.791475484 
-0.6123804438 -0.5597847232 -0.5582308355 3.831724195 
0 0 0 1 

0.5 0.3956365953 -0.1725727531

-0.5344250483 -0.1210265573 0.8364946265 -0.3915445196 
-0.6826610108 0.6453460708 -0.3427722323 1.654871137 
-0.4983422096 -0.7542417562 -0.4275100296 3.583684336 
0 0 0 1 

0.5 -0.6380029656 -0.750659906

-0.2161876968 -0.6793258942 0.7012560369 0.0003975127179 
-0.972050707 0.082455841 -0.2197927826 1.521795958 
0.09149847172 -0.7291807055 -0.6781695499 3.306927584 
0 0 0 1 

0.5 -0.9884423446 0.02731742954

-0.2385554822 -0.9247219877 0.2965827833 0.2549313044 
-0.9680800851 0.2022870408 -0.1479571287 1.427380715 
0.07683437733 -0.3224169022 -0.9434692521 2.893107176 
0 0 0 1 

0.5 -0.3854418332 0.6442609502

-0.7604778957 -0.6339762266 0.1404575892 0.36183891 
-0.6450593129 0.762400215 -0.05133035154 1.373026847 
-0.07453720231 -0.1296476284 -0.9887497701 2.408492682 
0 0 0 1 

0.5 -0.525865193 0.1768410254

-0.8621704178 -0.5064855392 -0.010741935 0.3928687532 
-0.5012948829 0.8498897766 0.1624229604 1.399839897 
-0.07313131385 0.1454143928 -0.9866594526 1.911621873 
0 0 0 1 

0.5 0.4277893286 0.2129944911

-0.9492522167 -0.3049867996 0.07670789543 0.4111587891 
-0.3080527795 0.9508380876 -0.03163583721 1.433437726 
-0.06328592853 -0.05367010223 -0.9965464472 1.414043401 
0 0 0 1 

0.5 -0.1812959658 0.04739268788

-0.9627806823 -0.2654247264 0.05083200247 0.4428943116 
-0.2626550012 0.9633047849 0.05519648263 1.439280793 
-0.06361531372 0.03978197095 -0.9971764621 0.9152596436 
0 0 0 1 

0.5 0.799638873 -0.3136688487

-0.8398294636 -0.5015868015 0.2075523372 0.5035391006 
-0.5427173888 0.7838196607 -0.301786324 1.374630315 
-0.01130646932 -0.3661023369 -0.9305007537 0.426549372 
0 0 0 1 

0.5 -0.2254691459 0.2197903713

-0.9313317948 -0.3268079199 0.1606190882 0.5947601366 
-0.3554259162 0.9117794038 -0.2057210413 1.2471518 
-0.07921526203 -0.2486938621 -0.9653324377 -0.04796098725 
0 0 0 1 


12
0 0.99999041 0 1.8 
0.7071 -0 0.7071067812 1.0651625 
0.7071 0 -0.7071067812 4.7580625 
0 0 0 1 

0.5 0.7571876151 -0.7534621881

-0.6672869009 0.6650470171 -0.3352931209 1.71082938 
0.4229850801 0.7089334058 0.5643469307 1.394343982 
0.6130195595 0.2347527794 -0.7543795877 4.396438714 
0 0 0 1 

0.5 0.575085667 -0.442058287

-0.8633159682 0.2011960165 -0.4628028976 1.50572207 
0.04849629128 0.9459145661 0.3207555976 1.618472122 
0.5023111027 0.2544625741 -0.8263914112 4.001483208 
0 0 0 1 

0.5 0.4409635821 -0.4386648001

-0.8447283656 -0.2842331442 -0.453460393 1.272178716 
-0.3697487479 0.9225279415 0.1105371909 1.726079604 
0.386918806 0.2610339695 -0.8843899108 3.573848491 
0 0 0 1 

0.5 0.6382241929 -0.2259167614

-0.744716926 -0.5898419882 -0.3121921668 1.076691707 
-0.5675114954 0.8058693343 -0.1688067788 1.709957108 
0.3511642298 0.05145214319 -0.934893989 3.116233719 
0 0 0 1 

0.5 0.8058851017 -0.4309543895

-0.4115132226 -0.9113930379 -0.0006465520739 0.9930518374 
-0.8295793566 0.3748661988 -0.4138403486 1.557016766 
0.3774251582 -0.1697696323 -0.9103400089 2.65118934 
0 0 0 1 

0.5 -0.432867005 0.5028493244

-0.7964804353 -0.5813175577 -0.1663419168 0.9483131036 
-0.5261014916 0.8018694026 -0.2832191584 1.378881775 
0.2980326663 -0.1380748021 -0.9445116669 2.187189157 
0 0 0 1 

0.5 -0.6020671525 0.05629139071

-0.8260440046 -0.4608362484 -0.3244411729 0.8241037587 
-0.4784574311 0.8776449497 -0.02842954083 1.300017653 
0.2978529646 0.1317400851 -0.9454726709 1.711303464 
0 0 0 1 

0.5 0.8370716781 0.4928869265

-0.9731074359 -0.1149684755 -0.19956199 0.6991770077 
-0.02210900446 0.9091186089 -0.4159386456 1.189478339 
0.2292477613 -0.4003534299 -0.8872164365 1.2437867 
0 0 0 1 

0.5 -0.8083356102 -0.7526897023

-0.6659847221 -0.6508474325 -0.3644760479 0.5673035979 
-0.6797565845 0.7307372404 -0.06280510581 1.072833591 
0.3072222284 0.2059227196 -0.9290859734 0.7793748092 
0 0 0 1 

0.5 -0.4588509747 -0.04312640073

-0.6393486822 -0.5787922491 -0.5061754784 0.3489512859 
-0.7106652272 0.6961450506 0.1016238818 1.082869267 
0.2935620695 0.4246918031 -0.8564161335 0.3309060804 
0 0 0 1 

0.5 0.2149613234 -0.04059619687

-0.614274232 -0.6551589037 -0.4397894938 0.1121179702 
-0.738500437 0.6736672071 0.02792863439 1.11515671 
0.2779838145 0.3419373925 -0.8976604193 -0.1079837435 
0 0 0 1 


15
0 0.99999041 0 1.8 
0.7071 -0 0.7071067812 1.2419375 
0.7071 0 -0.7071067812 4.9348375 
0 0 0 1 

0.5 0.9562951224 -0.2326964084

-0.2218815958 0.8619058178 -0.4559251459 1.683254627 
0.6499837749 0.4792848352 0.58974363 1.575744113 
0.726822211 -0.1654968731 -0.6665813293 4.588102664 
0 0 0 1 

0.5 0.6601125533 -0.4739111901

-0.5491094341 0.480463326 -0.6838235458 1.393042331 
0.3194231153 0.8767563622 0.3595240809 1.818557835 
0.7722891231 -0.02101959235 -0.6349158189 4.264726412 
0 0 0 1 

0.5 0.8141913558 -0.6897933502

-0.6314235099 -0.2546982265 -0.732402884 1.026380274 
-0.3425890716 0.9389628303 -0.03117597434 1.901711485 
0.695649507 0.2312211937 -0.6801462585 3.94028594 
0 0 0 1 

0.5 0.8055127519 -0.4456134226

-0.4000290423 -0.75243176 -0.5232628706 0.7040604518 
-0.7005756697 0.619151508 -0.3547330702 1.799834754 
0.5909038091 0.2246779227 -0.7748179976 3.576434404 
0 0 0 1 

0.5 0.8687396711 0.1830970497

-0.5465948409 -0.8187761221 -0.1755578589 0.5281500493 
-0.5936823843 0.5267609367 -0.6083210929 1.557392834 
0.5905671646 -0.2282868037 -0.7740193598 3.18099645 
0 0 0 1 

0.5 0.5374880964 -0.7819616017

0.1983791434 -0.9768062351 0.08047430936 0.5025890953 
-0.728473727 -0.2018785088 -0.6546460928 1.233397464 
0.6557216932 0.07124733032 -0.7516270943 2.802977773 
0 0 0 1 

0.5 -0.9680034681 0.0001147106982

0.1982692251 -0.90207876 -0.3833067246 0.4253680652 
-0.7284781653 0.1260127993 -0.6733726659 0.8947543141 
0.6557500076 0.4127424059 -0.6321598247 2.450117162 
0 0 0 1 

0.5 0.9574256837 0.4190799343

-0.2087812496 -0.9745368384 0.0816649277 0.3485024948 
-0.6826162307 0.08542344037 -0.7257605165 0.5441558929 
0.7003175225 -0.2072737996 -0.6830690666 2.10885862 
0 0 0 1 

0.5 -0.8675545473 0.6013707907

-0.716711231 -0.6365884179 -0.2847121661 0.2915758731 
-0.4275416178 0.7236588467 -0.5417715835 0.2156302587 
0.5509293765 -0.2665769748 -0.7908248533 1.741466941 
0 0 0 1 

0.5 -0.9527689456 -0.324310821

-0.5062305216 -0.6253047711 -0.5938900759 0.0717000899 
-0.6682921051 0.7197104815 -0.1881299948 0.03323367393 
0.5450791321 0.3016508945 -0.7822313517 1.336861003 
0 0 0 1 

0.5 -0.7224156465 -0.6565155974

-0.09615838959 -0.5649266152 -0.8195073541 -0.2825665976 
-0.9816759732 0.1898839206 -0.0157095599 -0.009676518727 
0.1644970097 0.8029859531 -0.5728391597 0.990476553 
0 0 0 1 

0.5 0.418644899 0.5017086755

-0.3960071848 -0.6008004952 -0.6944047052 -0.6613590482 
-0.7713010689 0.6279940673 -0.1034819913 -0.03563435709 
0.498266242 0.4946142002 -0.7120940634 0.6665403589 
0 0 0 1 

0.5 0.2647268558 -0.1958609906

-0.262906971 -0.7519937927 -0.604455193 -0.986908653 
-0.8770977167 0.4472942197 -0.1749796741 -0.1062472883 
0.4019652088 0.4841632471 -0.7771745821 0.2941655053 
0 0 0 1 

0.5 0.5211180672 0.2526260855

-0.4601160966 -0.792104938 -0.4010533191 -1.238722212 
-0.7445774487 0.5903067381 -0.311661335 -0.2263514881 
0.4836247375 0.1552106877 -0.861398378 -0.1190569141 
0 0 0 1 


16
0 0.99999041 0 1.7 
0.7071 -0 0.7071067812 -0.9348375 
0.7071 0 -0.7071067812 6.1580625 
0 0 0 1 

0.5 0.6539175957 -0.5444499067

-0.5085774168 0.8050159824 -0.3054162721 1.620971712 
0.5449242445 0.5755825284 0.6097152867 -0.5977374375 
0.6666239877 0.143654552 -0.7314138628 5.800402669 
0 0 0 1 

0.5 0.6284659728 -0.6909716916

-0.8656375921 0.1783784994 -0.4677964196 1.419384062 
-0.002712023379 0.9326856045 0.3606669074 -0.3504207989 
0.5006470353 0.3134695698 -0.8068951511 5.418070459 
0 0 0 1 

0.5 0.1166865099 0.7058773598

-0.5524364532 0.6716184104 -0.493683599 1.180223255 
0.6097368814 0.7294401415 0.310045844 -0.1832408756 
0.5683447343 -0.1297447113 -0.8124906048 5.012137462 
0 0 0 1 

0.5 -0.1705839066 -0.4638579724

-0.803797633 0.3920021481 -0.4474645249 0.9459336371 
0.2254159849 0.8967919085 0.3807129057 -0.01114814472 
0.55052596 0.2051438429 -0.809214175 4.605516694 
0 0 0 1 

0.5 0.5611943235 0.2534531298

-0.697005625 0.4406298972 -0.5656936206 0.6932139938 
0.4535560568 0.8819623108 0.1281397506 0.1158912238 
0.5553836345 -0.1672697031 -0.8145920912 4.195200626 
0 0 0 1 

0.5 -0.5251280307 -0.5919915317

-0.8645246227 0.1054014205 -0.4913944823 0.4326353175 
-0.09994127349 0.9221726275 0.3736305621 0.2408907885 
0.4925374147 0.3721181361 -0.7867181184 3.788930417 
0 0 0 1 

0.5 0.08231155667 -0.6443749664

-0.7481943409 -0.4538329692 -0.4839645486 0.1878298407 
-0.6384751499 0.69083982 0.3392347801 0.4187076449 
0.180393907 0.5628116527 -0.8066545059 3.390916561 
0 0 0 1 

0.5 0.2431308529 0.0139047818

-0.7548253385 -0.4987490499 -0.4259916824 -0.03988678391 
-0.6285451253 0.7356669334 0.2524194893 0.5668483284 
0.1875018401 0.4582849618 -0.8687970786 2.971524082 
0 0 0 1 

0.5 0.08236071747 -0.5612908243

-0.3688361516 -0.8401173253 -0.397672721 -0.2463917366 
-0.9264286933 0.2975907495 0.230564594 0.6868386786 
-0.07534942507 0.4534574716 -0.8880817505 2.532296047 
0 0 0 1 

0.5 0.8108958923 -0.3691148355

-0.02052010847 -0.9996662515 -0.0150708565 -0.3522865997 
-0.9861313551 0.01775497957 0.1649852153 0.7809748213 
-0.164654691 0.01824736338 -0.986177609 2.056341809 
0 0 0 1 

0.5 0.166848531 0.6648755554

-0.6325724478 -0.772025182 0.06172549499 -0.3398256715 
-0.7608537667 0.6343499922 0.136718847 0.8585603411 
-0.1447000511 0.03951479586 -0.9886813876 1.562701545 
0 0 0 1 

0.5 -0.2876322321 -0.4795063152

-0.2043504741 -0.9766123047 -0.06670914519 -0.3398404775 
-0.9622069128 0.1878723152 0.1971097668 0.9447041817 
-0.1799595203 0.1044666751 -0.9781061777 1.070613804 
0 0 0 1 

0.5 -0.9173989324 0.548621144

-0.6581209824 -0.606505075 -0.4461044569 -0.4751785779 
-0.7527233955 0.5429750864 0.3722579152 1.080200649 
0.0164546677 0.580784369 -0.8138852318 0.6134337921 
0 0 0 1 

0.5 -0.4017971214 0.1189166363

-0.7196543666 -0.4236898684 -0.5500593677 -0.7257512306 
-0.6878679736 0.5428375771 0.4818250988 1.293722555 
0.09445598419 0.725117507 -0.6821092861 0.2382258838 
0 0 0 1 

0.5 0.2915306431 0.4447980034

-0.8489130622 -0.146861533 -0.5076998356 -0.9885035276 
-0.3729864768 0.8470579228 0.3786348815 1.510692031 
0.3744514369 0.5107900448 -0.7738669534 -0.127074684 
0 0 0 1 


17
0 0.99999041 0 1.7 
0.7071 -0 0.7071067812 -0.7580625 
0.7071 0 -0.7071067812 6.3348375 
0 0 0 1 

0.5 0.9214828494 -0.08793507643

-0.08474504106 0.8919860387 -0.4440270315 1.586912179 
0.6903522844 0.3739013293 0.6193560603 -0.4192423369 
0.7184795258 -0.2540537429 -0.647483032 5.991294856 
0 0 0 1 

0.5 0.2792042028 -0.7528552069

-0.6474788506 0.5291851728 -0.5483748817 1.336680464 
0.2183123016 0.8182247218 0.5318255857 -0.1288367935 
0.7301330079 0.2246231437 -0.6453221243 5.670905505 
0 0 0 1 

0.5 0.6193711972 -0.2420510713

-0.7332815872 0.1706275952 -0.6581528376 1.030409905 
-0.0006703265928 0.9678120104 0.2516542733 0.06896836928 
0.6799139112 0.1849671148 -0.709573569 5.331668555 
0 0 0 1 

0.5 0.1602283181 0.08215288504

-0.7189864769 0.1770028266 -0.6720931969 0.6978696826 
0.0794933469 0.9816190304 0.1734799611 0.1752980271 
0.6904517749 0.07129407836 -0.7198499225 4.973933148 
0 0 0 1 

0.5 0.4382314556 0.7420487606

-0.4640574476 0.4754679664 -0.7473698671 0.3457564316 
0.7299684492 0.6832208151 -0.0185954564 0.2112672555 
0.5017749176 -0.5541976498 -0.6641365124 4.622168109 
0 0 0 1 

0.5 0.6327382 -0.4552709381

-0.5702721053 -0.02088108483 -0.8211787419 -0.05295738102 
0.3621812077 0.8908675336 -0.274171881 0.140826755 
0.7372900841 -0.4537809795 -0.5004763377 4.332345425 
0 0 0 1 

0.5 -0.6761227814 0.4930214956

-0.4462763499 0.5088152864 -0.7361557198 -0.4497970621 
0.755155616 0.6555213207 -0.004712078222 0.07444074008 
0.4801655551 -0.5580266531 -0.6767848285 4.039507347 
0 0 0 1 

0.5 -0.649663996 -0.1394806526

-0.5279849923 0.6505703517 -0.5458670951 -0.7722253815 
0.6582404295 0.7196340124 0.2209905772 0.1276408081 
0.5365932788 -0.2426413111 -0.8081975361 3.663984203 
0 0 0 1 

0.5 0.7806368102 0.4364049951

-0.2563382233 0.5585912272 -0.7888265818 -1.107403298 
0.9120340116 0.4100589694 -0.006001110113 0.1763244718 
0.3201075711 -0.7209858325 -0.6145738217 3.300467107 
0 0 0 1 

0.5 -0.8808460208 0.3361009452

-0.007035629715 0.8867665969 -0.462143184 -1.426199107 
0.9931359314 0.06013788092 0.1002739604 0.2063471631 
0.1167035054 -0.4582704826 -0.8811122894 2.921699656 
0 0 0 1 

0.5 -0.9975928464 -0.02501611238

-0.03113004431 0.9993386545 0.01827550117 -1.539515418 
0.9920016409 0.02865411826 0.1228905856 0.2627953688 
0.1222773034 0.02195485228 -0.9922482832 2.443337164 
0 0 0 1 

0.5 -0.09948669514 -0.4908558217

-0.4981082995 0.8646188181 0.06559909525 -1.518266404 
0.8628687898 0.4867834637 0.1359769136 0.3265588319 
0.08562818978 0.1243311652 -0.9885342606 1.947928473 
0 0 0 1 

0.5 0.1146799698 0.4126940357

-0.1089474778 0.9939710022 0.01152883079 -1.498674481 
0.9871613322 0.1068242202 0.1187076247 0.3893195433 
0.1167520311 0.02431292098 -0.992858628 1.452340596 
0 0 0 1 

0.5 -0.4152687881 0.1339831444

0.02369002476 0.9758569558 0.2170778765 -1.441365932 
0.9908704403 -0.05173946145 0.1244556494 0.4514835631 
0.1326741734 0.2121502244 -0.968183999 0.960453221 
0 0 0 1 

0.5 -0.05956730945 0.03976135963

0.06232823331 0.9672487069 0.2460202234 -1.325580723 
0.9879572726 -0.09476299867 0.1222735112 0.513219247 
0.1415743929 0.2354395436 -0.9615171983 0.4779990188 
0 0 0 1 

0.5 0.804576539 0.2776799192

0.331458996 0.9324235027 -0.1438824714 -1.300632364 
0.93203709 -0.2999522536 0.2032877724 0.591156408 
0.1463848908 -0.2014844166 -0.9684863983 -0.01185493734 
0 0 0 1 


13
0 1 0 -1.8 
1 -0 0 -0.425 
0 0 -1 5.4 
0 0 0 1 

0.5 -0.5437636347 0.1673550681

0.1645265097 0.9494676947 0.267286596 -1.732604926 
0.9861146853 -0.1645265097 -0.02255781455 -0.4287724561 
0.02255781455 0.267286596 -0.9633530094 4.906128659 
0 0 0 1 

0.5 -0.0387824676 -0.7840175608

-0.5519740611 0.7836422148 0.2850079211 -1.594395921 
0.8142661309 0.5802029862 -0.01830745631 -0.4395967514 
-0.1797089425 0.2219670561 -0.9583503128 4.425739827 
0 0 0 1 

0.5 0.10179315 -0.2187327708

-0.7103759855 0.6586256287 0.2481496332 -1.461371877 
0.6691251295 0.7413226196 -0.05208008139 -0.4568516634 
-0.2182602125 0.1290467163 -0.9673207455 3.944124841 
0 0 0 1 

0.5 -0.4598095785 0.4979300144

-0.3265949591 0.8440459688 0.4253494273 -1.29478229 
0.9420391905 0.3272560226 0.07393009651 -0.4474026358 
-0.07679776187 0.424841027 -0.9020045485 3.473945688 
0 0 0 1 

0.5 -0.3410077891 -0.5582920427

-0.702363411 0.4636450058 0.5401101253 -1.050699434 
0.6302656044 0.7577299645 0.16914659 -0.3897092036 
-0.3308336543 0.4592152105 -0.8244213023 3.042093621 
0 0 0 1 

0.5 0.2657169695 -0.6148940628

-0.861905954 0.03805436056 0.5056382027 -0.7916340113 
0.07251446502 0.9961808604 0.04863482106 -0.3339350521 
-0.5018563328 0.07858472561 -0.8613737064 2.618523756 
0 0 0 1 

0.5 -0.4539481467 -0.7616125352

-0.6093878915 -0.6658953263 0.4303833315 -0.5509000493 
-0.6247714442 0.7374957499 0.2564384164 -0.2551941469 
-0.4881670208 -0.1126207497 -0.8654533647 2.188644592 
0 0 0 1 

0.5 -0.5576443258 -0.4535568743

-0.2336440727 -0.9516572478 0.1993964141 -0.3901194575 
-0.8650939075 0.2970767425 0.4041756305 -0.08489969121 
-0.4438727053 -0.07806338268 -0.8926831071 1.748707091 
0 0 0 1 

0.5 -0.6646457338 0.2498451982

-0.4655913346 -0.8782468359 -0.1091201377 -0.3685698274 
-0.7829155725 0.3512536991 0.5134822734 0.1437624378 
-0.4126353299 0.3245047521 -0.8511338029 1.307162463 
0 0 0 1 

0.5 0.215241407 0.485675786

-0.8237631472 -0.5661528389 -0.02975298879 -0.4018828121 
-0.5156756412 0.7264449258 0.4542646837 0.3873885882 
-0.2355693326 0.3895493971 -0.8903697865 0.8720794487 
0 0 0 1 

0.5 0.5346538383 0.1926530958

-0.9164811295 -0.3876602852 0.09890319749 -0.3826034917 
-0.3571671062 0.9041721033 0.23431702 0.5615172417 
-0.1802609149 0.1794221584 -0.9671161728 0.4053631845 
0 0 0 1 

0.5 0.5810982911 -0.6647149127

-0.4962044394 -0.8209227235 0.2826075659 -0.2925175588 
-0.8529839501 0.5216405269 0.01759379393 0.6198228012 
-0.1618627048 -0.2323295992 -0.9590742527 -0.08121345373 
0 0 0 1 


13
0 1 0 -1.8 
1 -0 0 -0.175 
0 0 -1 5.4 
0 0 0 1 

0.5 -0.5600991827 -0.1225810211

-0.1206806441 0.9536358293 0.2757079746 -1.730531151 
0.992545275 0.1206806441 0.01703112497 -0.1721526072 
-0.01703112497 0.2757079746 -0.9610905543 4.906505177 
0 0 0 1 

0.5 0.1483920082 -0.642900672

-0.6741323593 0.7075814067 0.2118351129 -1.609411419 
0.7218108172 0.6919444419 -0.01421384926 -0.169669774 
-0.1566355844 0.1433228602 -0.9772020525 4.421519871 
0 0 0 1 

0.5 -0.19538543 -0.03771866883

-0.6999035957 0.657667214 0.2785835463 -1.48660354 
0.6952201167 0.7167158425 0.05465702583 -0.159659831 
-0.1637191072 0.2319315345 -0.9588554725 3.937144739 
0 0 0 1 

0.5 -0.07436601492 -0.04002770032

-0.7254475855 0.6183309394 0.3023121731 -1.341318664 
0.6660297552 0.7414294037 0.08177288355 -0.1255906441 
-0.1735804304 0.2606708436 -0.949694975 3.459962599 
0 0 0 1 

0.5 0.06935331412 0.2685193701

-0.5340419871 0.7985867036 0.2775940074 -1.196081356 
0.8392079011 0.5405559315 0.05940861549 -0.09058585877 
-0.1026121568 0.2646857794 -0.9588598351 2.982829705 
0 0 0 1 

0.5 -0.06410183199 -0.433467283

-0.8181213241 0.4914428762 0.2985990597 -1.051621615 
0.5350016493 0.8408717615 0.08190186793 -0.05566056465 
-0.2108334278 0.2267566541 -0.9508578682 2.505451092 
0 0 0 1 

0.5 -0.6795393364 -0.2535345445

-0.9004477231 0.1482308455 0.4089272728 -0.8698665383 
0.3146765679 0.8710477033 0.3771664835 0.05867803516 
-0.3002874551 0.468298532 -0.8309776948 2.056562389 
0 0 0 1 

0.5 -0.3617605297 0.04818816019

-0.8940809438 0.1152437281 0.4328257721 -0.6591795185 
0.3544028146 0.7729320152 0.5262839014 0.2852805299 
-0.2738939775 0.6239350791 -0.7319064873 1.664667676 
0 0 0 1 

0.5 0.327663661 0.5958583895

-0.6555042014 0.6598918086 0.36722887 -0.4554240313 
0.7501448275 0.5128332877 0.4174742588 0.5194331466 
0.08716065494 0.549130968 -0.8311788016 1.273382436 
0 0 0 1 

0.5 0.1984239765 0.4997529277

-0.2507955306 0.9245531064 0.2868852649 -0.2907966689 
0.91395027 0.1284692568 0.3849552625 0.718444713 
0.319055647 0.3587439246 -0.8772150766 0.8454935122 
0 0 0 1 

0.5 0.5285851154 0.09396041906

-0.1604201566 0.9865077818 0.0326767483 -0.2102230127 
0.9266041249 0.1391068109 0.3493624064 0.9021414269 
0.3401031743 0.0863231817 -0.9364177162 0.3890814238 
0 0 0 1 

0.5 0.3359097019 0.1037649161

-0.05757427513 0.9893357837 -0.1337905446 -0.2354816582 
0.9390071208 0.09917574661 0.3292868027 1.071524105 
0.3390439942 -0.1066718251 -0.9347033175 -0.0800503148 
0 0 0 1 


16
0.7071 -0.7071 0 -1.6883875 
-0.7071 -0.7071 0 -1.5116125 
0 -0 -1 6.3 
0 0 0 1 

0.5 0.6557927644 0.2565271903

0.5079725553 -0.822897664 0.2545272829 -1.626342336 
-0.8603640899 -0.4705061294 0.1959041478 -1.459394659 
-0.04145321393 -0.3185061736 -0.9470139642 5.808882344 
0 0 0 1 

0.5 0.4673873116 -0.225632256

0.670927784 -0.6088102808 0.4233045837 -1.454796075 
-0.739470991 -0.5916482515 0.3211165209 -1.331321161 
0.05494943143 -0.528477592 -0.8471670406 5.358288947 
0 0 0 1 

0.5 -0.2251149951 -0.01499746128

0.6803203122 -0.6423926367 0.3528126885 -1.260609225 
-0.7302630091 -0.6349707759 0.2520096649 -1.187836393 
0.06213778532 -0.4291015796 -0.9011163798 4.920751928 
0 0 0 1 

0.5 0.7330205776 0.7631172159

0.1065137086 -0.7705505163 0.628400789 -1.017286772 
-0.9255594375 0.1540722475 0.3458067237 -1.026186183 
-0.3632876392 -0.6184672996 -0.6967928605 4.518347622 
0 0 0 1 

0.5 0.855085603 -0.6550068841

0.4560132349 -0.2416394504 0.8565296992 -0.636534478 
-0.8738694753 -0.3037721962 0.3795463252 -0.8530884911 
0.1684797738 -0.9215909825 -0.3496921887 4.251270551 
0 0 0 1 

0.5 -0.406085215 0.08771002915

0.4256486104 -0.447922254 0.7862377088 -0.2240960265 
-0.900314852 -0.2967858348 0.3183271202 -0.6786792833 
0.09076015429 -0.8433731588 -0.5296076939 4.030783308 
0 0 0 1 

0.5 -0.7777514723 0.1802667407

0.3134033976 -0.7782767554 0.5440996438 0.1138575594 
-0.9487742931 -0.2325990467 0.2137892517 -0.5466934174 
-0.03983091066 -0.5832412194 -0.8113218711 3.691322996 
0 0 0 1 

0.5 -0.407050061 0.1269926916

0.2060003541 -0.9050872878 0.3719699927 0.3439513813 
-0.9731658708 -0.1496983578 0.1746980527 -0.4502752818 
-0.1024356544 -0.3979839959 -0.9116554589 3.259006134 
0 0 0 1 

0.5 -0.317642638 -0.3164868733

0.4855414985 -0.8429415645 0.2316889984 0.4944540143 
-0.87419639 -0.4691783674 0.1250326011 -0.3732240104 
0.003308353089 -0.2632552518 -0.9647205436 2.78901869 
0 0 0 1 

0.5 -0.3954666997 0.1359156105

0.3645070781 -0.9295286307 0.05560516745 0.5669916225 
-0.9309911462 -0.3625438177 0.04240620261 -0.3322437039 
-0.01925883914 -0.06722656899 -0.997551846 2.296833982 
0 0 0 1 

0.5 0.2073229868 -0.6290010583

0.8389273594 -0.5275240402 0.133791228 0.6160889467 
-0.5414050825 -0.8339636609 0.1066112983 -0.2970394249 
0.05533806089 -0.1618774907 -0.9852580256 1.800719899 
0 0 0 1 

0.5 0.4444967811 -0.3421295198

0.9610051655 -0.1761848953 0.2130933471 0.7060726754 
-0.2366790606 -0.922608081 0.3045622614 -0.1950691996 
0.1429451156 -0.3431272208 -0.9283482128 1.320635229 
0 0 0 1 

0.5 -0.3566785106 -0.3614464

0.9678225641 0.1389740768 0.2097296124 0.8094301661 
0.1127746757 -0.9847850779 0.1321402395 -0.08543029361 
0.2249069742 -0.1042381157 -0.968788557 0.8445710741 
0 0 0 1 

0.5 -0.9319288884 -0.4362798886

0.8428070052 0.4145307599 0.3432512507 0.9422887097 
0.5164363811 -0.8024221161 -0.298986675 -0.1307067933 
0.151496127 0.4292637311 -0.8903828236 0.3693491604 
0 0 0 1 

0.5 0.2363703479 0.1908210838

0.9098198899 0.284881507 0.3017467729 1.102899236 
0.3518795031 -0.9150550464 -0.1970682556 -0.2552756398 
0.2199780248 0.2854805986 -0.9327971357 -0.08715446775 
0 0 0 1 


15
0.7071 -0.7071 0 -1.5116125 
-0.7071 -0.7071 0 -1.6883875 
0 -0 -1 6.3 
0 0 0 1 

0.5 0.5381096676 0.3015045594

0.4679567187 -0.8575870386 0.2134052497 -1.45995285 
-0.8828343139 -0.4427094434 0.156820735 -1.646210236 
-0.0400116778 -0.261791815 -0.9642946185 5.805983479 
0 0 0 1 

0.5 -0.2643112266 -0.1995708521

0.6310026786 -0.7685698464 0.1054363826 -1.380733082 
-0.7757682797 -0.6251254712 0.08592171713 -1.584519192 
-0.0001258750119 -0.1360136435 -0.9907069561 5.316539827 
0 0 0 1 

0.5 0.581158787 0.1834180988

0.4850630572 -0.8070735562 0.3366406472 -1.270680927 
-0.8729957797 -0.4245954167 0.2399539972 -1.500617559 
-0.05072542291 -0.4102865531 -0.9105448236 4.837899576 
0 0 0 1 

0.5 0.2681111656 0.4965809216

0.05418588837 -0.8898723651 0.4529590306 -1.073745545 
-0.9615697735 0.07575985889 0.2638651824 -1.371855554 
-0.269127608 -0.44985811 -0.8515855867 4.39714496 
0 0 0 1 

0.5 -0.04475306533 -0.3063916786

0.3215840803 -0.8418448106 0.4334302875 -0.852193065 
-0.9387408891 -0.2236036827 0.2621979332 -1.240060222 
-0.1238157358 -0.491206836 -0.8621980676 3.968737659 
0 0 0 1 

0.5 -0.5766635099 0.21932146

0.1197560647 -0.9784594632 0.1680963528 -0.7001665395 
-0.9725846319 -0.08163595135 0.2177051337 -1.121793772 
-0.1992967651 -0.1895630753 -0.9614294773 3.509198927 
0 0 0 1 

0.5 0.7377914959 0.03147374109

0.09056513934 -0.8552416082 0.5102357957 -0.5286852221 
-0.9733700151 0.0323001394 0.2269104112 -1.0088846 
-0.2105479506 -0.5172083172 -0.8295571813 3.056404597 
0 0 0 1 

0.5 -0.5759451273 0.04020250952

0.05365923746 -0.9678047372 0.2458769956 -0.3383044884 
-0.9726128822 0.005100067036 0.2323337915 -0.8937467184 
-0.22611207 -0.2516148134 -0.9410437383 2.610563049 
0 0 0 1 

0.5 -0.1561015313 -0.6307121886

0.6193304969 -0.765165681 0.1758750586 -0.2335299596 
-0.7830610474 -0.5858043489 0.2088767122 -0.7815093417 
-0.05679800697 -0.2670897483 -0.9619963892 2.134853685 
0 0 0 1 

0.5 -0.6492084051 0.5765049057

0.09460890472 -0.9882977525 -0.1195722694 -0.2164141131 
-0.9900670155 -0.1059480032 0.09232088323 -0.7127479312 
-0.1039109576 0.1096522854 -0.9885235906 1.642090623 
0 0 0 1 

0.5 -0.0400703419 -0.3740916042

0.448749489 -0.8828429543 -0.1385389265 -0.2810301523 
-0.8825406328 -0.4621794596 0.08656210802 -0.6677291039 
-0.1404532872 0.08342313014 -0.9865664982 1.148340048 
0 0 0 1 

0.5 -0.8597459085 -0.7431388902

0.8898616789 -0.2304888613 -0.3937028032 -0.4259212427 
-0.3376538953 -0.9130709976 -0.2286307512 -0.695069197 
-0.306787654 0.3363914812 -0.8903494296 0.674523401 
0 0 0 1 

0.5 -0.4630691237 0.09509718358

0.8684799882 -0.2168417486 -0.4457611312 -0.6359190214 
-0.4195577896 -0.8004566945 -0.4280434106 -0.8603252945 
-0.2639998635 0.5587804085 -0.7861733442 0.2532450172 
0 0 0 1 

0.5 0.6191979293 -0.6685146501

0.8593141101 0.2430117166 -0.4500059842 -0.8538743453 
0.2003660136 -0.9695194995 -0.1409475817 -1.004773932 
-0.4705505154 0.03095293424 -0.8818299883 -0.1706271687 
0 0 0 1 


