1
20
                       0                        1                        0                     0.75
                       1                       -0                        0                        0
                       0                        0                       -1                     8.75
                       0                        0                        0                        1

0.5 -0.07894712174 -0.3641862362
    -0.35609569915859118      0.93365205102213822     0.038596640565065246      0.75975852955546863
     0.93442245884298736      0.35609569915859113    0.0071078442990426052    0.0011899651145698251
   -0.007107844299042607     0.038596640565065239     -0.99922959217915075       8.2501289784064245
                       0                        0                        0                        1

0.5 -0.3456069997 -0.3383218179
    -0.64317675225336524       0.7429766003042253      0.18522806688293392       0.8170909111794491
     0.76419215558230669      0.63809392322867753     0.094055805164284773     0.024445548352429746
   -0.048311641529558247        0.202044343001753     -0.97818406690852922       7.7545958758163751
                       0                        0                        0                        1

0.5 -0.4423456313 -0.8110239301
    -0.96222576133295556   -0.0030842435707075719      0.27223532406506468      0.93841447253054788
    0.076596320648068011      0.95647897407417026      0.28156877635348865      0.11538245600685362
    -0.26125579015668265      0.29178495436814278     -0.92011246731798435       7.2791848273102921
                       0                        0                        0                        1

0.5 -0.4982022326 0.4637584569
    -0.87784959139635022      0.35852168767275178      0.31755675768835845       1.0820918578291836
     0.47602599335999235      0.72613191089383822      0.49611662099479725      0.31220574252391653
   -0.052719527035941571      0.58668104405200006     -0.80810024379352985        6.844056629290062
                       0                        0                        0                        1

0.5 -0.3543125517 -0.4523062603
    -0.93319031812426012     -0.11864786744114965      0.33923224155555964       1.2498252705589732
     0.13210286097031229      0.76459942767250955      0.63082212177945141      0.59365535678961079
    -0.33422247722527654      0.63349064614604877     -0.69784306041033439       6.4672239110759326
                       0                        0                        0                        1

0.5 0.4372926031 -0.0116877094
    -0.93218288719842912    -0.053054345380151982      0.35807862439788862       1.4247510392912786
     0.12242588362888636      0.88470315014334677      0.44979132844478564      0.86490377108969496
    -0.34065667149211543      0.46312587118700527     -0.81820991170065316       6.0866573586244535
                       0                        0                        0                        1

0.5 0.379649682 0.2084052764
    -0.91594779378098001       0.2078243130875701      0.34329097564228905       1.6021595627174108
     0.31056755302964434      0.90886091190751184      0.27842348645871257       1.0471488009959262
    -0.25414057935114193      0.36163641644105171     -0.89701263549112875       5.6570479391784056
                       0                        0                        0                        1

0.5 0.4944615092 0.08794964965
       -0.89064568334409       0.3642474465922137      0.27216550918805138       1.7576368949381496
     0.39140275872774849      0.91879447214177068     0.051191780805443732        1.129655063840316
    -0.23141768990474071      0.15212006972381134     -0.96088778594921087       5.1904120659677657
                       0                        0                        0                        1

0.5 0.446427145 0.6373936242
    -0.48294185523043759      0.86604025820698394       0.1293886997823363       1.8627282700550267
     0.86049727842507628      0.49674587890793304     -0.11308388749517503       1.1102265803889575
    -0.16220850251950203     0.056725681598069955     -0.98512466153153189        4.703014913967527
                       0                        0                        0                        1

0.5 0.4794485276 0.2341887766
    -0.26718218933364069      0.95929492954407281    -0.091470847016494716       1.8731409568309985
      0.9481427918799723      0.24473858294813022     -0.20280106563475503       1.0287334400002683
    -0.17215958848967283     -0.14091225698133431     -0.97493836314071303       4.2110213438966122
                       0                        0                        0                        1

0.5 0.349559942 0.546427999
     0.26327513499371846      0.92870384024660602     -0.26114245232295286       1.7847636207058934
     0.92752728775445747     -0.31811309328586823     -0.19620700892413567      0.92485979205265689
    -0.26529103596785653     -0.19056032375944076     -0.94514942164919002        3.730635836683414
                       0                        0                        0                        1

0.5 0.01682625711 -0.7302350066
    -0.42256725305347292      0.86547800309633593     -0.26904412798502153       1.6521946124616882
     0.90379507829383166      0.38019718149439224     -0.19648043066821316      0.82693492658191792
   -0.067759671624711235     -0.32618695458294822     -0.94287363817280023       3.2585821001840007
                       0                        0                        0                        1

0.5 0.2659160595 0.1958153146
    -0.25009370071928011      0.88788449190713137      -0.3861531689515833       1.4885195343901172
      0.9577578936813651      0.16838766148468703     -0.23312102554414313      0.71836005811265746
    -0.14196111422347232     -0.42814334572726126     -0.89249107421749418        2.799175563968197
                       0                        0                        0                        1

0.5 0.02963476744 -0.5748560124
    -0.69103437173789284      0.60369720919628933     -0.39751877526153057        1.292425119006412
     0.71323536572765556      0.65876517828569336     -0.23942379362451741      0.60052828980378714
     0.11733205083076334     -0.44897451986368869     -0.88580758088933587       2.3545879677686528
                       0                        0                        0                        1

0.5 -0.2139118584 -0.08830489297
    -0.74335731176092401      0.57945429936469073      -0.3341446124050898       1.1096173452012867
     0.65134431344197119      0.74074509093850782      -0.1644606202022485      0.49919172591743272
     0.15221856785024446     -0.33989619768140433     -0.92806254229084384       1.9006341738244816
                       0                        0                        0                        1

0.5 -0.3338441413 0.2583649034
    -0.56423222796288341      0.79620095911628619     -0.21841709097583595      0.96996704507023201
     0.82167305522296441       0.5673555074436557    -0.054416160227551316      0.44568037629119361
    0.080593940520360868     -0.21017078977740367     -0.97433713666048016       1.4241305766881771
                       0                        0                        0                        1

0.5 -0.4528525535 0.5185278399
   -0.086724083553834458      0.99618314835715294   -0.0099029420365005227      0.91099017496363488
      0.9959787932955938     0.086921992156806169     0.021698170082849716      0.44205786461338964
    0.022476134836748533   -0.0079813663443595306     -0.99971552011263554      0.92869961468525419
                       0                        0                        0                        1

0.5 -0.4324787576 -0.1321522054
    -0.21635475160528028      0.95514477827957511      0.20221046951896082      0.95943720787597009
     0.97627225230205983      0.20972018639644449      0.05394379299699778      0.45986076072417686
   0.0091165148428480128      0.20908346645084522     -0.97785530279996868      0.43234906380321247
                       0                        0                        0                        1

0.4378505572 0.2842663142 -0.169809011
    -0.37637257316820827      0.92256821186270188     0.084921025825164406       1.0221494957393191
     0.92633089160026272      0.37631167442518271     0.017337905247666714      0.47622325530421672
     -0.0159613731803867     0.085190481579644595     -0.99623682747348008  -0.00039267756148020361
                       0                        0                        0                        1
