6
22
1 -0 0 0 
0 0 -1 -0.5 
0 1 0 9.05 
0 0 0 1 

0.5 0.8246200881 -0.2886224334

0.9592203569 0.2765910315 -0.05825554255 -0.009791984328 
0.05825554255 -0.3951226487 -0.9167793542 -0.9860117128 
-0.2765910315 0.875999711 -0.3951226487 8.949080016 
0 0 0 1 

0.5 0.6942738965 0.4583190775

0.9766094756 -0.2028107912 -0.07142629171 -0.04918503522 
-0.1899177 -0.6578508671 -0.7288096486 -1.401230177 
0.1008226135 0.7253275258 -0.6809807494 8.677862736 
0 0 0 1 

0.5 0.751019726 -0.04127615315

0.9845079285 -0.1753395389 0.0004298950788 -0.06650328663 
-0.1576642613 -0.8863310907 -0.4353839436 -1.695861964 
0.07672104927 0.4285711653 -0.900244765 8.277902154 
0 0 0 1 

0.5 0.6232541809 -0.05513805169

0.9925274727 -0.1131182879 0.04575444198 -0.0541479411 
-0.1056583085 -0.9842894647 -0.1414587273 -1.841346697 
0.06103718425 0.1355673362 -0.9888862217 7.801808544 
0 0 0 1 

0.5 0.3387383204 -0.1662466275

0.9968643804 0.0611890215 0.05017280788 -0.02893487725 
0.05988017426 -0.9978352187 0.02718898735 -1.870009815 
0.05172786225 -0.02409937655 -0.9983703964 7.303866555 
0 0 0 1 

0.5 0.9724117839 0.1720332823

0.9945554168 -0.08743458097 0.05669847374 -0.005241392831 
-0.1040257195 -0.8652525479 0.4904249973 -1.737908399 
0.006178394734 -0.4936529371 -0.8696370537 6.827309765 
0 0 0 1 

0.5 0.01885613427 0.3867175853

0.8882366266 -0.4555439959 0.05929049627 0.02361088106 
-0.4217862284 -0.7575758216 0.4981719101 -1.490716767 
-0.1820221761 -0.4675024517 -0.8650487761 6.393648606 
0 0 0 1 

0.5 -0.373767422 -0.7101711758

0.9731074482 0.2273677918 0.0369564807 0.0423064966 
0.2024214344 -0.9206138361 0.3339097597 -1.281415243 
0.1099429722 -0.3174492904 -0.9418802954 5.940737263 
0 0 0 1 

0.5 -0.1673109229 0.6627732112

0.9059563251 -0.4224121092 0.02848064297 0.06094770593 
-0.415103762 -0.8730237799 0.2559655182 -1.134113552 
-0.08325865584 -0.2437160023 -0.966266271 5.463441681 
0 0 0 1 

0.5 0.4284244934 0.1313879489

0.8436588397 -0.5208905527 0.1300491995 0.09970026967 
-0.5214578532 -0.7373798617 0.4293630711 -0.9615694377 
-0.1277555067 -0.4300511268 -0.8937195079 4.996780347 
0 0 0 1 

0.5 0.1273322245 0.03993646324

0.8223686766 -0.54480928 0.163989659 0.1731465278 
-0.549917244 -0.6871826376 0.4747326062 -0.7354123449 
-0.1459478829 -0.4805859664 -0.864717494 4.557037028 
0 0 0 1 

0.5 0.2848187862 -0.1594487017

0.8963086784 -0.3791013132 0.2300281446 0.272634994 
-0.439585044 -0.6914633694 0.573274278 -0.4734360439 
-0.05827299565 -0.6149476426 -0.7864118863 4.143456809 
0 0 0 1 

0.5 -0.8368691476 -0.12332274

0.9407248928 -0.3297641883 0.07932374313 0.3491100437 
-0.3391426363 -0.9115583825 0.2324727674 -0.26814975 
-0.004352970462 -0.2455949826 -0.9693627578 3.698053052 
0 0 0 1 

0.5 -0.6729168762 -0.1701067084

0.9842936581 -0.1764059076 -0.006852039454 0.3650729138 
-0.1763047148 -0.9802484151 -0.08960854994 -0.231468434 
0.009090776764 0.08940917427 -0.9959534916 3.202016368 
0 0 0 1 

0.5 -0.1861081091 -0.3339690837

0.9875850902 0.1568927343 -0.007769133651 0.3601227414 
0.1529047069 -0.9714614016 -0.1813364163 -0.2992388135 
-0.03599777965 0.1778972039 -0.9833904335 2.706836607 
0 0 0 1 

0.5 -0.2883438831 0.3488803934

0.9818313241 -0.1894842812 -0.01014682999 0.3577294528 
-0.1827156852 -0.9296217315 -0.3200287718 -0.4248320472 
0.05120770813 0.3160682578 -0.9473534858 2.223318633 
0 0 0 1 

0.5 -0.5448577302 -0.6582178302

0.8915511392 0.4521014115 0.02721911058 0.3546524037 
0.3891573086 -0.7339065899 -0.5567204923 -0.6462599853 
-0.2317178357 0.5069373049 -0.8302538247 1.776731663 
0 0 0 1 

0.5 0.7704879204 -0.2480774135

0.7550431025 0.6291034672 -0.1847667205 0.3181167005 
0.5792925505 -0.7720498075 -0.2614559918 -0.8514185281 
-0.3071319819 0.09037655843 -0.947365834 1.32561667 
0 0 0 1 

0.5 0.2882861611 -0.7850852456

0.1012619552 0.9470172534 -0.3048021295 0.1976544541 
0.9678515643 -0.1646794257 -0.1901158494 -0.9606243118 
-0.2302376291 -0.2757517153 -0.9332478908 0.8532405761 
0 0 0 1 

0.5 -0.4771308601 -0.6607207755

-0.5185050028 0.8512271735 -0.08102383115 0.1021580633 
0.8508377529 0.5041932246 -0.1478658532 -1.051823815 
-0.08501576555 -0.145607319 -0.9856829248 0.3722034412 
0 0 0 1 

0.5 -0.170310759 -0.6065406612

-0.9127233829 0.4077703932 -0.0256774745 0.07706611045 
0.4084124354 0.9087606764 -0.08575147534 -1.111672666 
-0.01163223372 -0.08875437655 -0.9959856183 -0.1234166894 
0 0 0 1 


15
0 -0.99999041 0 -1.8 
-0.7071 0 0.7071067812 1.15355 
-0.7071 -0 -0.7071067812 5.34645 
0 0 0 1 

0.5 0.8052335042 0.342835824

-0.3270763671 -0.8634013691 0.384109289 -1.70167055 
-0.6188295724 0.5028868049 0.6034444729 1.489663673 
-0.7141791916 -0.04033097059 -0.6987931777 4.994295256 
0 0 0 1 

0.5 0.8600441865 0.4332000324

-0.6138761861 -0.4193286449 0.6688051553 -1.430435376 
-0.3034892576 0.9074923505 0.2904174828 1.720424137 
-0.7287200099 -0.02470374311 -0.6843590302 4.64878896 
0 0 0 1 

0.5 0.8109817905 -0.003057072345

-0.6130351636 -0.1233254727 0.7803585945 -1.063129571 
-0.3063642711 0.9475568433 -0.09092509007 1.770976006 
-0.7282247924 -0.2948261839 -0.6186732442 4.318454494 
0 0 0 1 

0.5 0.4234282942 -0.1507384242

-0.6001102846 -0.04719569557 0.7985117611 -0.6677396524 
-0.4426911874 0.8510383345 -0.2823980802 1.676792822 
-0.6662382893 -0.5229772888 -0.5316123657 4.028868205 
0 0 0 1 

0.5 0.5331661105 -0.7291835364

-0.4911529358 -0.2364873374 0.8383456047 -0.2606493228 
-0.8647700252 0.2478926338 -0.4367063723 1.490248906 
-0.1045368821 -0.9394771534 -0.3262592964 3.809726809 
0 0 0 1 

0.5 -0.9407091327 0.4264946694

-0.6234834218 -0.3630736502 0.6924065044 0.1245363867 
-0.6476133325 0.7359976632 -0.1972177003 1.322137058 
-0.4380030087 -0.5713861882 -0.6940184423 3.54739455 
0 0 0 1 

0.5 -0.3537057796 -0.5118532721

-0.3363157642 -0.7314390647 0.5931858236 0.4486622668 
-0.9321187763 0.3483682721 -0.09891685387 1.25097387 
-0.1342878181 -0.5861959038 -0.7989565409 3.174260472 
0 0 0 1 

0.5 -0.9086271548 -0.09063636197

-0.2590138805 -0.9437031074 0.205711144 0.6524190565 
-0.960815991 0.2735042153 0.04492755935 1.238898798 
-0.09865287425 -0.186018102 -0.9775762303 2.722524785 
0 0 0 1 

0.5 -0.4028911008 0.156561446

-0.4052328911 -0.9140340865 0.01757306896 0.7079908103 
-0.9074516701 0.4044984832 0.1135907282 1.277427666 
-0.1109264385 0.03008039774 -0.9933684638 2.227972804 
0 0 0 1 

0.5 0.5542630618 -0.6903518992

0.259750538 -0.9227992144 0.2845208038 0.7834121203 
-0.9655706973 -0.2439607016 0.09025970673 1.320832437 
-0.01387056473 -0.2981704782 -0.9544068228 1.737203195 
0 0 0 1 

0.5 -0.3772059469 -0.3647369866

0.579563979 -0.8061577334 0.1191474851 0.8834099843 
-0.8126784536 -0.582596513 0.01120018484 1.348866073 
0.06039416651 -0.1033152214 -0.9928086017 1.248863757 
0 0 0 1 

0.5 -0.9831176205 -0.1427569944

0.6880007197 -0.6797059153 -0.2542355176 0.8470366577 
-0.7246070715 -0.6242090804 -0.2920582578 1.279507593 
0.03982493775 0.3851668254 -0.9219820502 0.7601172276 
0 0 0 1 

0.5 -0.1617112025 0.2580527648

0.4945987681 -0.8100817055 -0.3148340974 0.7052090241 
-0.8567219187 -0.3934800501 -0.3334537663 1.122351316 
0.1462534778 0.4346590359 -0.8886348253 0.3072960667 
0 0 0 1 

0.5 -0.2551707118 -0.5779897961

0.8444473497 -0.3649366509 -0.3920596057 0.5261052478 
-0.5153098429 -0.7532030501 -0.4088170019 0.9387071915 
-0.1461046427 0.5472690791 -0.8240997503 -0.1214897435 
0 0 0 1 


15
0 0.99999041 0 1.7 
0.7071 -0 0.7071067812 -0.84645 
0.7071 0 -0.7071067812 6.24645 
0 0 0 1 

0.5 0.8099187561 -0.7770283442

-0.6813404762 0.6400522367 -0.3550902841 1.605074918 
0.4026361243 0.7328696268 0.5484311001 -0.5200384104 
0.611261437 0.2306913152 -0.757054412 5.884352965 
0 0 0 1 

0.5 0.3037941218 0.6383507824

-0.1841539081 0.8613730015 -0.4733969902 1.399364004 
0.7841223138 0.4191586653 0.4576555695 -0.2705166292 
0.5926387659 -0.286928853 -0.7526231039 5.503633792 
0 0 0 1 

0.5 -0.6130961636 0.1581232413

-0.03699608595 0.9814416922 -0.1881071888 1.232451292 
0.8284064125 0.1353982489 0.5435076264 -0.01659419744 
0.5588878439 -0.1357241466 -0.8180548539 5.109029149 
0 0 0 1 

0.5 -0.5685480493 -0.7688211898

-0.7189410434 0.6921003916 0.06404407893 1.204901693 
0.5602978075 0.5225595944 0.6426416165 0.2753050945 
0.4113042377 0.4979049549 -0.7634853568 4.706053505 
0 0 0 1 

0.5 0.2010634267 -0.7219219896

-0.9985285883 0.04786407373 0.02510993463 1.224467405 
0.05361751132 0.8184351005 0.5720835243 0.5802368642 
0.006830947431 0.5725857284 -0.8198105463 4.310545159 
0 0 0 1 

0.5 0.7470385376 -0.4811698326

-0.9102871729 -0.403231157 0.09360938479 1.2470829 
-0.3721400231 0.8961816979 0.2415793402 0.7848701235 
-0.1813015041 0.1850639564 -0.9658527355 3.858060591 
0 0 0 1 

0.5 0.2199732405 0.3813767972

-0.9927909867 -0.02373653162 0.1174029551 1.301579708 
-0.007550448107 0.9906155417 0.1364340471 0.8798073801 
-0.119540737 0.1345558377 -0.9836641443 3.370449293 
0 0 0 1 

0.5 0.8724819603 -0.5999769121

-0.8238493022 -0.5133594975 0.2402398253 1.382007963 
-0.564620897 0.780411703 -0.2686098033 0.84290712 
-0.04958763832 -0.3569493319 -0.9328015065 2.88231591 
0 0 0 1 

0.5 0.1412217054 -0.7682848182

-0.2423033607 -0.9246714197 0.2936880437 1.514267624 
-0.9409968525 0.1502804779 -0.3032014372 0.6980817319 
0.2362374135 -0.349831048 -0.9065321463 2.422503651 
0 0 0 1 

0.5 -0.5810876796 0.3548700207

-0.5589434846 -0.8284784802 0.03444428661 1.595132092 
-0.8159383498 0.5421343012 -0.2008118989 0.5673179036 
0.1477041489 -0.140353462 -0.9790172624 1.948571429 
0 0 0 1 

0.5 -0.6059714286 0.2361497618

-0.7356347275 -0.6495078756 -0.1922547455 1.553414503 
-0.6614701914 0.749960467 -0.002625608385 0.5138283696 
0.1458965547 0.1252333035 -0.9813364484 1.455121851 
0 0 0 1 

0.5 0.4040814899 -0.03167030571

-0.7142271121 -0.6976816256 -0.05568484255 1.491023779 
-0.6847175066 0.713002044 -0.1509318771 0.4751276516 
0.145013761 -0.06967875803 -0.9869682314 0.9614036955 
0 0 0 1 

0.5 -0.09015344875 0.7665013635

-0.9973609021 -0.004430332513 -0.0723354898 1.457703658 
0.00359600603 0.99386999 -0.1104532557 0.4092485859 
0.07238207683 -0.1104324678 -0.9912395851 0.4669290477 
0 0 0 1 

0.5 0.4806684307 -0.3770645046

-0.9227944319 -0.3844682202 -0.02480814662 1.429599335 
-0.3541229462 0.8717994239 -0.3384569597 0.2957945336 
0.1517585242 -0.3035523355 -0.9406464479 -0.01798282368 
0 0 0 1 


15
0 0.99999041 0 1.8 
0.7071 -0 0.7071067812 1.15355 
0.7071 0 -0.7071067812 4.84645 
0 0 0 1 

0.5 0.8109793668 -0.3316532146

-0.3166884693 0.8658929329 -0.3871933137 1.70092561 
0.6226237198 0.4977222076 0.6038234159 1.48973048 
0.7155620307 -0.04985707925 -0.6967608355 4.494636862 
0 0 0 1 

0.5 0.7033051956 -0.6100360275

-0.7059596194 0.3571599374 -0.6115869643 1.443714156 
0.1701917913 0.9237758116 0.3430210111 1.732736408 
0.687487568 0.1380643665 -0.7129442366 4.14498708 
0 0 0 1 

0.5 0.6523982752 -0.02259546974

-0.7114742826 0.1266044143 -0.691199311 1.114878363 
0.14839263 0.9885181543 0.02831776833 1.826452629 
0.6868533854 -0.08243179012 -0.7220996032 3.783223864 
0 0 0 1 

0.5 -0.2133016908 -0.07465950484

-0.721667686 0.1460735914 -0.6766380694 0.7728324766 
0.0744982412 0.988189118 0.1338756481 1.867002445 
0.6882079592 0.04619634937 -0.7240346071 3.421118554 
0 0 0 1 

0.5 0.3321364718 -0.05532598766

-0.7255059534 -0.007677068554 -0.6881591344 0.4305687528 
0.01937728984 0.9993086683 -0.03157714431 1.892654052 
0.6879322195 -0.03625399624 -0.724862276 3.058323526 
0 0 0 1 

0.5 0.8818534962 -0.2569832937

-0.6620277009 -0.4755796814 -0.5792444302 0.1050840303 
-0.2253003793 0.8634101467 -0.4513901502 1.769404602 
0.7148065178 -0.168338688 -0.6787518974 2.70498273 
0 0 0 1 

0.5 0.6996424641 -0.6384075316

-0.1935982313 -0.926527314 -0.3225642281 -0.1269998918 
-0.6369600751 0.3687730881 -0.6769628366 1.48004209 
0.7461908296 0.0743989041 -0.6615545774 2.373475876 
0 0 0 1 

0.5 0.2752562389 0.3837221281

-0.5337050397 -0.8215276238 -0.2005794453 -0.2571820145 
-0.4707219179 0.4856450663 -0.7365868283 1.12732674 
0.7025480964 -0.2987104832 -0.6459014084 2.044466332 
0 0 0 1 

0.5 -0.5326965246 0.7727282

-0.9299827721 -0.146385819 -0.3371706625 -0.3991969337 
0.06869775164 0.8318943937 -0.5506566504 0.8016297729 
0.3611015128 -0.5352771758 -0.7635931197 1.694747784 
0 0 0 1 

0.5 0.5957356137 0.4251736405

-0.9281525922 0.1548006943 -0.3384528484 -0.5643478393 
0.3665590033 0.537624172 -0.7593320464 0.4704638538 
0.06441240682 -0.8288520505 -0.5557389047 1.361254703 
0 0 0 1 

0.5 -0.8065652861 0.3685209676

-0.7878968286 0.5873555806 -0.1849671039 -0.7025076515 
0.5857338369 0.6221283669 -0.5194829905 0.1493330196 
-0.190055391 -0.5176514227 -0.8342100233 1.008512031 
0 0 0 1 

0.5 0.7272299267 -0.7130044696

-0.9508500452 -0.1549318206 -0.2680692869 -0.8271347966 
0.1107337724 0.6383641729 -0.7617214875 -0.1707194504 
0.2891424364 -0.7539805867 -0.5898307692 0.648882479 
0 0 0 1 

0.5 -0.9134910116 0.1385010494

-0.9542355021 0.1069763051 -0.2792337672 -0.9689639773 
0.2184263056 0.8871170469 -0.4065755824 -0.4675458209 
0.2042189451 -0.4489736683 -0.8698894629 0.2781256569 
0 0 0 1 

0.5 -0.4406759143 0.5121435973

-0.7649562209 0.6129418183 -0.197800727 -1.092891987 
0.6440239453 0.7316309328 -0.2234720252 -0.6236227935 
0.007735678945 -0.2983445978 -0.9544218513 -0.1793422769 
0 0 0 1 


14
0 1 0 -1.8 
1 -0 0 -0.3 
0 0 -1 5.4 
0 0 0 1 

0.5 -0.8260282865 0.2465462909

0.2371486059 0.8865304128 0.3972711491 -1.698721952 
0.9701889453 -0.2371486059 -0.04993945421 -0.3083879673 
0.04993945421 0.3972711491 -0.9163414675 4.914051516 
0 0 0 1 

0.5 -0.5803638254 0.5344634193

0.6195860549 0.5001945747 0.6049119837 -1.443475965 
0.7205169753 -0.6681663951 -0.1854965142 -0.3620031508 
0.3113975094 0.5507804063 -0.7743852628 4.489502223 
0 0 0 1 

0.5 -0.3931698599 -0.5476064929

0.3022149862 0.6260416958 0.7188448353 -1.113573442 
0.951387965 -0.1511120712 -0.2683767538 -0.479730769 
-0.05938890612 0.765007802 -0.6412768675 4.133821965 
0 0 0 1 

0.5 0.6867799349 0.05168915576

0.3398441447 0.8152764692 0.4688605721 -0.8139340782 
0.9401169821 -0.2806029339 -0.1934994921 -0.5970563092 
-0.0261919306 0.5065434554 -0.8618165179 3.754343079 
0 0 0 1 

0.5 -0.8688473557 0.1504825924

0.43941455 0.4846792671 0.7563073855 -0.5016367656 
0.8951189357 -0.3068755281 -0.3234030012 -0.7258046888 
0.07534549873 0.8190930462 -0.5686911618 3.391038672 
0 0 0 1 

0.5 -0.09734020429 0.05102684812

0.4626151418 0.424292307 0.7784364257 -0.1178283427 
0.8787095899 -0.3360231104 -0.3390544585 -0.8913599399 
0.1177144306 0.8408712788 -0.528279098 3.116751939 
0 0 0 1 

0.5 0.5978243668 -0.06309116011

0.4280636722 0.6624630944 0.6147390837 0.2334364986 
0.9010184376 -0.3656622598 -0.2333599942 -1.034833275 
0.07019449861 0.6537841848 -0.753418192 2.793993875 
0 0 0 1 

0.5 0.3839132278 0.2690804665

0.6034673605 0.6293723683 0.4896096067 0.509258522 
0.7661127258 -0.6279085387 -0.1371209622 -1.129554839 
0.2211299079 0.4578441755 -0.8610924891 2.388796178 
0 0 0 1 

0.5 0.1974167395 -0.5168837207

0.2019871304 0.8880777303 0.4129396373 0.7359647923 
0.979312807 -0.177910677 -0.09640651989 -1.186077338 
-0.01215011292 0.4238699517 -0.905641562 1.946972285 
0 0 0 1 

0.5 0.5060319141 -0.4509641497

-0.224017075 0.9589398006 0.1739275965 0.8834320027 
0.9640131922 0.2442448972 -0.1049904543 -1.231956117 
-0.1431604532 0.1441488431 -0.9791456458 1.472813345 
0 0 0 1 

0.5 0.01167734852 -0.3868442231

-0.5694321503 0.8045387122 0.1687142161 0.9690547994 
0.8007488201 0.5892833209 -0.107454618 -1.284983235 
-0.1858718735 0.07390959527 -0.9797902931 0.9830622296 
0 0 0 1 

0.5 0.1311113168 0.3465619052

-0.2606153125 0.9591214305 0.1102984155 1.039231076 
0.9519652983 0.2743175032 -0.1360587307 -1.346723686 
-0.1607536304 0.06954127542 -0.9845416605 0.4919672843 
0 0 0 1 

0.5 0.1309789913 -0.4700281783

-0.6681110563 0.7421341199 0.05352162644 1.079591752 
0.7266706163 0.6662661326 -0.1674492638 -1.421527126 
-0.1599294591 -0.07298211124 -0.9844268279 -0.0006652131472 
0 0 0 1 


14
0.7071 -0.7071 0 -1.6 
-0.7071 -0.7071 0 -1.6 
0 -0 -1 6.3 
0 0 0 1 

0.5 0.6765138507 0.01022329725

0.6999716965 -0.6740872959 0.2358532628 -1.540570511 
-0.7141551029 -0.6599038895 0.2334312867 -1.540975721 
-0.001712612178 -0.3318374696 -0.9433350204 5.809480364 
0 0 0 1 

0.5 -0.2970944108 0.4754872938

0.306881236 -0.9449999718 0.1130476902 -1.451661492 
-0.9441131511 -0.2872626921 0.1615899865 -1.444536449 
-0.1202304549 -0.156321744 -0.9803612345 5.327465431 
0 0 0 1 

0.5 0.1152917719 -0.5226617753

0.7357246935 -0.6580114965 0.1603460813 -1.38262053 
-0.677164425 -0.7105882994 0.1910325372 -1.357402326 
-0.01176178206 -0.2491327952 -0.9683979094 4.840051687 
0 0 0 1 

0.5 -0.175428424 -0.131582069

0.8165143398 -0.5674018681 0.1064907177 -1.316242625 
-0.5771028954 -0.8071400401 0.1243303012 -1.278208596 
0.01540797256 -0.1629767012 -0.9865095992 4.351009799 
0 0 0 1 

0.5 0.3459681738 -0.06937865328

0.8530558129 -0.4829394704 0.1976007793 -1.239610621 
-0.5207872598 -0.8115861624 0.2647439348 -1.180972102 
0.03251538612 -0.3287556265 -0.9438551201 3.867223047 
0 0 0 1 

0.5 -0.5310521075 0.5618975531

0.4541665812 -0.8908594956 0.009104703815 -1.183391871 
-0.8875424078 -0.4515410495 0.09143289868 -1.095937163 
-0.07734420195 -0.04960752922 -0.9957695353 3.379208439 
0 0 0 1 

0.5 0.5274181198 -0.02838101853

0.4789389678 -0.8445956377 0.2392832921 -1.120785933 
-0.8748617358 -0.4368165289 0.2092584128 -1.020602354 
-0.07221723064 -0.309567742 -0.9481310483 2.890373528 
0 0 0 1 

0.5 -0.4201172916 -0.3602035231

0.7527249666 -0.6534879705 0.07962045573 -1.042737522 
-0.6582987983 -0.7481578242 0.08296615166 -0.9448132865 
0.005351387489 -0.1148669472 -0.9933664717 2.403290081 
0 0 0 1 

0.5 -0.546955714 -0.7580477805

0.9991944255 0.03879277692 -0.009297342259 -1.033131947 
0.03668595346 -0.985135171 -0.1677607094 -0.9632819031 
-0.01566734313 0.1672876924 -0.9857836286 1.905252082 
0 0 0 1 

0.5 0.8280962398 -0.4819248531

0.8704477346 0.4774128044 -0.1199106982 -1.057815475 
0.4922063095 -0.8412585683 0.2236018563 -0.946822594 
0.005874599699 -0.2536593967 -0.9672757619 1.409675718 
0 0 0 1 

0.5 -0.678889343 -0.5327744295

0.502707012 0.8568443134 0.1143866364 -1.064599027 
0.8631776817 -0.5047201702 -0.01275381049 -0.8989023852 
0.04680611033 0.1051494383 -0.9933543092 0.9144093 
0 0 0 1 

0.5 -0.7664902969 0.6649464393

0.898491986 0.2745673576 0.3424992514 -0.940986857 
0.3794597775 -0.878061184 -0.291547002 -0.9689565142 
0.2206902411 0.3919248517 -0.8931353358 0.4381619053 
0 0 0 1 

0.5 -0.001013199799 0.5220576176

0.9156811003 -0.2102184082 0.3425159316 -0.7697227815 
-0.1089066125 -0.9501810137 -0.2920209083 -1.114846963 
0.3868477253 0.2301001901 -0.8929740981 -0.008362021725 
0 0 0 1 


