5
22
    -0.70709999999999995                        0      0.70710678118654757      0.35354999999999998
     0.70709999999999995                       -0      0.70710678118654757      0.35354999999999998
                       0      0.99999040995401556                        0                     8.75
                       0                        0                        0                        1

0.5 0.8288579793 -0.187072804
    -0.72188020589010449      0.15528367646654836      0.67436366907410783      0.70160831694861692
     0.66799737493151878      0.41081967499465233      0.62048135485434874      0.69256558198300455
    -0.18069123739649798      0.89838636888391987     -0.40029167981821501       8.6481665186979519
                       0                        0                        0                        1

0.5 0.5771078742 0.3742690566
    -0.58053429607672424      0.58592306478765344      0.56538880713058481       1.0167434240438913
     0.80305937486507639      0.29743474121167324      0.51635126141189747      0.97540539826804407
     0.13437584006056774      0.75380039808208332     -0.64320207824548414       8.3855482049740928
                       0                        0                        0                        1

0.5 0.9172073337 -0.3899823071
    -0.80170249440556995      0.51386097665756325      0.30530381119865274       1.2330311916482366
     0.58990404828622722      0.76250438336312365      0.26568908364391447       1.1798564053795848
    -0.09626824228792534       0.3931035552769559     -0.91443033652400851       7.9892057378462207
                       0                        0                        0                        1

0.5 0.6083026757 -0.003066823133
    -0.80339178205572814      0.57928551598230982       0.1377691747033086       1.3446298428011365
     0.58747575899948135      0.80885376672612141     0.024864163789439231       1.2530830094160101
    -0.09703166594728628      0.10091171533168164     -0.99014266725170119       7.5093538253955288
                       0                        0                        0                        1

0.5 -0.2972464422 -0.08258771593
    -0.84742671705631012      0.48452397074260767       0.2170135732966515       1.4339126363301042
     0.51914932053825158      0.84179732264693197      0.14782307184309312       1.2960507125687979
    -0.11105762324237971      0.23793166960170647     -0.96490183175300237        7.019743777069408
                       0                        0                        0                        1

0.5 0.9916730328 0.4522259808
     -0.5375125771703122       0.8342625112848937     -0.12278722103033274       1.4647495952848868
     0.83673225195133394      0.50962238677421556     -0.20038605600939566       1.2759952103520273
    -0.10459945766602241     -0.21045005335816133     -0.97198279228467921       6.5261888334894849
                       0                        0                        0                        1

0.5 0.1503103375 -0.5435637752
    -0.88868976090589247      0.42527959749903504     -0.17134229720675104       1.3899300261978078
     0.45686503222698616      0.85282022381904576     -0.25290792429947156       1.1637518598161098
    0.038567596003135196     -0.30303698691211112     -0.95218797781833442       6.0448547426503412
                       0                        0                        0                        1

0.5 -0.7301484179 0.2782470169
    -0.73211608534773842      0.68031926195678993     0.034090312196746436       1.3517238208077433
     0.68115816646976168      0.73095963265166619     0.041376052074759778        1.112729107377963
   0.0032302831298719054     0.053512967822435142     -0.99855232589270781       5.5517268915969087
                       0                        0                        0                        1

0.5 0.2943342533 -0.1250633773
    -0.81127623828765283      0.58166409241089922    -0.059060636549571839       1.3448759134083959
     0.58461912224096702      0.80808068420799406    -0.072225339875566744       1.1054899831513554
   0.0057148728249474074    -0.093122679541900233     -0.99562860886152316       5.0522819339921146
                       0                        0                        0                        1

0.5 0.6657028687 0.1547360686
    -0.71517954713201493      0.64643106462974831     -0.26577340733357147       1.2645676667963834
      0.6981096064140766      0.64230342691045783     -0.31635375011443256       1.0060408979597883
   -0.033793721174064054     -0.41178870052932204     -0.91064201008166901       4.5712848046148631
                       0                        0                        0                        1

0.5 -0.4039019132 0.2043134006
    -0.56464387252428705      0.81699680053537405     -0.11697835327845696       1.1674425022219219
     0.81955401425455077       0.5383145957964578     -0.19631358504124904      0.87875029694318885
   -0.097416415918301663     -0.20671734189706303     -0.97352904551874864       4.0985140643237079
                       0                        0                        0                        1

0.5 -0.4313235832 0.1490047901
    -0.43619557508336004      0.89720250899927034     0.068931038894768482       1.1547091257822388
     0.89294017650541446      0.44105617957471555    -0.090098266583966968      0.80802229171578865
    -0.11123885150466284     0.022250828830789049     -0.99353492064057181       3.6046882257599848
                       0                        0                        0                        1

0.5 0.9723452688 0.2816093978
    -0.17517783745630847      0.90753201398772632      -0.3816919947438161       1.0767292428111273
     0.97022118515762557     0.093281852598341097     -0.22351679544757719      0.72253624943573147
     -0.1672437111409627     -0.40948084836719389     -0.89684769939175424       3.1233005381259944
                       0                        0                        0                        1

0.5 -0.2981349039 -0.2586709743
    -0.40794540528769913      0.87879966916815588     -0.24755221221915044      0.91959691746922645
     0.90995260862762051      0.36923820016192138      -0.1887850936726026      0.61774422096972115
   -0.074498544577461162      -0.3022747928309002     -0.95029507863340912       2.6608479801123823
                       0                        0                        0                        1

0.5 0.5233626738 0.3157868981
    -0.12817518949934034      0.86818711059064335     -0.47938780939973741      0.73774587352632714
      0.9708819713785265     0.011226857296098625     -0.23927508296393807      0.50681465303447393
    -0.20235352438917742     -0.49609811054622333     -0.84434621801708021       2.2100683767685809
                       0                        0                        0                        1

0.5 0.8730869745 -0.3787965347
    -0.39154740114227726      0.48345822943765882     -0.78291071205325402      0.41513401509047837
     0.91836409419044696       0.2582987070245743     -0.29979923023782634      0.37656536362039872
    0.057284419601491943     -0.83638269637086049     -0.54512686641031571       1.8564758257665965
                       0                        0                        0                        1

0.5 -0.6003985568 0.2499162039
    -0.23270225711218087      0.77152484961769918     -0.59210596683134686     0.067767424445710156
     0.96407511029651971      0.10284895090243683     -0.24489116971630898      0.24234213892302484
    -0.12804214537640043     -0.62782135321998522     -0.76774108750830605       1.5256434306168269
                       0                        0                        0                        1

0.5 -0.03796777874 -0.168635356
     -0.3598297017975805      0.73257504498976289     -0.57779477252958256     -0.22467693648096732
     0.93274795339182903      0.26779621950354432     -0.24136455883779756       0.1206476715893401
   -0.022086396817201089     -0.62578702878857462     -0.77966890772660791       1.1387893218939791
                       0                        0                        0                        1

0.5 -0.238378827 -0.1870960462
    -0.49591407446731595      0.71615512264609815     -0.49110231220487888     -0.49181959566610089
     0.86411554159985016      0.46285230016119294     -0.19764232593523837    0.0099264624639634202
    0.085765270648297864     -0.52238275163359904     -0.84837574172434638      0.73126420888436439
                       0                        0                        0                        1

0.5 0.2891753162 0.2375691054
    -0.32243831714275051      0.73484326585848514     -0.59668192218349247     -0.76365292241014182
     0.94506213926366356      0.21420704563184542     -0.24690748172557406     -0.10271088379478802
   -0.053624828503258393     -0.64351392673623486     -0.76354110816936949      0.32755430092789589
                       0                        0                        0                        1

0.5 -0.124823357 -0.3512235214
    -0.56188644332120119      0.61417522924517554     -0.55413249552204291      -1.0510420636761233
     0.81106056981639862      0.54073974991149154     -0.22309568564801238     -0.22106262597304049
     0.16262162316994266     -0.57478945890095778     -0.80196764623887296    -0.064001984922773369
                       0                        0                        0                        1

16
                       0     -0.99999040995401534                        0                     -1.7
    -0.70709999999999995                       -0     -0.70710678118654724     -0.35354999999999998
     0.70709999999999995                        0     -0.70710678118654779       6.6464499999999997
                       0                        0                        0                        1

0.5 0.5939535764 -0.5945742637
     0.55175366099369172     -0.78714643506624093      0.27558883747816404      -1.6284494567924954
    -0.52648278651268976     -0.58502135987050974       -0.616892449298168      -0.6918427411932675
     0.64681120270045478      0.19527615059577616     -0.73721971153088905       6.2878027084402985
                       0                        0                        0                        1

0.5 0.7835902022 -0.4928544147
     0.82400671747314258     -0.28091518980944918      0.49201667217021922      -1.4282288376279419
    -0.13735102822249706     -0.94156094346362074     -0.30755177578762022     -0.92881305450983642
     0.54966360159761396      0.18583848601623532     -0.81444729245908432       5.8997308618931896
                       0                        0                        0                        1

0.5 -0.01666455716 -0.101615705
      0.8484602347244572     -0.19996186269847815        0.490011534106569      -1.1827498961656588
   -0.041260902505839581     -0.94804601797495458     -0.31543096824223732      -1.0845564886501526
     0.52763231193585025      0.24740559607701773     -0.81264077207029528       5.4929374672936717
                       0                        0                        0                        1

0.5 0.9273484065 -0.5729331199
     0.75767369606350088      0.50240165127536429      0.41653807879863802     -0.94241852891147537
     0.50055183176249751     -0.85691021471433515      0.12305753791393725      -1.1308729737343355
     0.41876886107532474      0.11525432628179244     -0.90074385441534155       5.0620147606396788
                       0                        0                        0                        1

0.5 0.7073142249 -0.5519651195
     0.34924060453946432      0.92414000185810685      0.15484533285380972      -0.7933130892902498
       0.855234842007774     -0.38189755643286638      0.35031133496725875      -1.0054804530744885
     0.38288364554575793     0.010082615672594775     -0.92373636110894197       4.6043337117936272
                       0                        0                        0                        1

0.5 0.1810446717 -0.09871796771
     0.25589390230264158      0.96421149063222422     0.069248336421246892     -0.73713848656391723
     0.88709848196110652     -0.26268602949176678      0.37952963416859875      -0.8225704385499909
     0.38414959611328353    -0.035692086455408778     -0.92257551060629239        4.142583040848054
                       0                        0                        0                        1

0.5 0.8202751377 -0.5950488355
    -0.32065709510679319      0.88852926521028974      -0.3281395925860453     -0.80316603938469844
     0.83548667493789563      0.42854004550117014      0.34395618238821302     -0.62978245499488783
      0.4462483817786887     -0.16386172857150502     -0.87977390599486438       3.6897860806574871
                       0                        0                        0                        1

0.5 -0.9628606434 -0.2218978269
    -0.51812391416032477      0.84939468029948006      0.10028512678422802     -0.85934093035956138
     0.74264009581608925      0.38861138220634361      0.54539645369762391     -0.40663956649900818
     0.42429609560868214      0.35706585256762235     -0.83214614712884749       3.2513071990451592
                       0                        0                        0                        1

0.5 0.8825372132 -0.6253815901
    -0.91565958102961453      0.35926407849925102     -0.18021563075592256     -0.88842442378362063
     0.31273012918053894      0.91847749050046135      0.24205242355055573     -0.19993866094675583
     0.25249016164364751      0.16528915657099796     -0.95337223737279719       2.8013666453295958
                       0                        0                        0                        1

0.5 0.1233401531 -0.07317255979
    -0.93905199009754159       0.2796244673955296     -0.19993083085810809     -0.98366571129842728
     0.24424301158426798      0.95202822981883262      0.18433125323793137    -0.093256517061231323
     0.24188798549532231      0.12427524370323509      -0.9623077866647014       2.3223412344340981
                       0                        0                        0                        1

0.5 0.1544503849 -0.2795877892
    -0.97755071668724658   -0.0061616708264587219     -0.21056459844161221      -1.0872104393915172
   -0.029671236882011686      0.99362979684781616      0.10867315454176532    -0.019871364993285151
     0.20855536646572478      0.11249183989278959     -0.97151461907471193       1.8388476640753986
                       0                        0                        0                        1

0.5 -0.604153892 -0.05240649091
    -0.97755461772221885    0.0063093788610974477     -0.21054211243443424      -1.1926443309281125
   -0.080038033907678538      0.91344887647478135      0.39899307411927837      0.10805597706218409
     0.19483795545268134      0.40690156093920055     -0.89244590918456312       1.3691461141797583
                       0                        0                        0                        1

0.5 -0.3061602321 -0.5103883738
     -0.8643162605731608     -0.43949432354400375     -0.24450554447992978      -1.3035492109268219
    -0.49909894680401606      0.68963759477113329      0.52468146448812836        0.340408957120795
   -0.061979690452073265       0.5755353141243007      -0.8154189292426981      0.94109917688368427
                       0                        0                        0                        1

0.5 0.8281250186 -0.2814056051
    -0.69827886760231239     -0.71581240862608753  -0.00019676623607151056      -1.3695120288089566
     -0.6957434448662323      0.67863679445258984      0.23533714143921336      0.53022301856746878
    -0.16833199972859111      0.16447593689895074     -0.97190658710011157       0.4871461503823088
                       0                        0                        0                        1

0.5 0.862543874 -0.06981311823
    -0.64820270925301104     -0.69587393059275993       0.3091497055448042      -1.2919143612563027
    -0.74344649174351285      0.66614966352683169    -0.059349386663644088      0.57399485063614863
    -0.16464898998786062     -0.26830288188806761     -0.94915472061541994  -0.00092091899163881941
                       0                        0                        0                        1

16
                       0                        1                        0                      1.7
                       1                       -0                        0                        0
                       0                        0                       -1                      6.5
                       0                        0                        0                        1

0.5 0.8100104942 -0.4424779564
    -0.41641616728928349      0.82542219851241372     -0.38115058680662822       1.6017484948042453
       0.905006948791788      0.41641616728928355    -0.086948250463602633     -0.01466744331732317
    0.086948250463602592     -0.38115058680662822     -0.92041524972062572        6.013425282365338
                       0                        0                        0                        1

0.5 0.7681754497 0.1830395394
    -0.27617465434487454      0.68375422704686706     -0.67543150451620981       1.3353288965701346
     0.96100498278938296      0.18619365210375832     -0.20445377709947687    -0.091213516352483759
   -0.014035075755656032     -0.70555799259295926     -0.70851318670630759       5.6009857372054999
                       0                        0                        0                        1

0.5 0.0254751402 0.2626111478
   -0.090329556195693522      0.72344642105290524     -0.68444564951735354      0.99538069829308706
     0.97605290828379021    -0.072252252953756632     -0.20518365474340652     -0.19376019813880543
    -0.19789212088469843     -0.68658931524518285     -0.69959546931273597       5.2489686521042502
                       0                        0                        0                        1

0.5 -0.9739422314 0.1360318927
    0.026951729533438103      0.96398196207947628     -0.26459852807708562      0.75321815400817971
     0.96445023563649346    -0.094685541286156652     -0.24671925594095775     -0.30627879269875102
    -0.26288656727925197     -0.24854260209620266     -0.93226456957635162       4.8320773693433692
                       0                        0                        0                        1

0.5 0.6206465377 -0.1014835195
   -0.065155697901696855      0.83508361643246476     -0.54625093921843271      0.54883614537613035
     0.97281755562592365    -0.068747069921877402     -0.22113309079185692     -0.42290589402843892
    -0.22221777268469312     -0.54581058430854323     -0.80790473916162953       4.3931844803162017
                       0                        0                        0                        1

0.5 -0.3985227863 -0.5157897962
    -0.49318231769125931      0.78210651814700993     -0.38089446804678029       0.3174918967719853
     0.86927987455382327      0.45993796470631343     -0.18113411693411935     -0.52788466565237757
    0.033521652888352724      -0.4204360390044789     -0.90670272741062008       3.9634863410195647
                       0                        0                        0                        1

0.5 -0.9177021845 0.5206890802
  -0.0099426916781601288       0.9989395450264531     0.044954735729812123       0.2293277116014244
     0.99759688844275785      0.01299202721216175    -0.068056266414237482     -0.58156780007249154
   -0.068568148957954655     0.044170042011103361      -0.9966681575816585       3.4786887757439597
                       0                        0                        0                        1

0.5 0.9126917366 -0.3919717071
    -0.38146526835485278      0.83920390617140472     -0.38758360763275063      0.14061473569733041
     0.92435861596590219      0.34936132459377206     -0.15332258140171767     -0.63047773545001906
   0.0067378133368060505     -0.41675348678174562     -0.90899457266074801       2.9934555823412459
                       0                        0                        0                        1

0.5 -0.5193562959 0.5577252438
     0.14228209365472277      0.97933587011511758     -0.14372563908745123    0.0062615554105353299
     0.97861573789516565     -0.16097138407624922     -0.12806034145072598     -0.69526655653851843
    -0.14854980097303611     -0.12243147885427255     -0.98129684072477652       2.5176779161917633
                       0                        0                        0                        1

0.5 0.4813901763 -0.06011536552
     0.08478974170507983      0.92357764732855718     -0.37391847915907439     -0.12370924571512784
     0.98735613424377722     -0.12832306632571663    -0.093064788292615108     -0.75022007386677159
    -0.13393492402196455     -0.36129976474364733     -0.92278053518884751       2.0392605102359926
                       0                        0                        0                        1

0.5 0.1412564865 -0.1324262821
   -0.036054286776654849      0.89807144501827196     -0.43836944242022802     -0.32685631506511975
     0.99607890395995569   -0.0031672996928948224    -0.088412585634559143     -0.79522096517229957
   -0.080789265938982169     -0.43983820645261151     -0.89443582590009807       1.5847252068079687
                       0                        0                        0                        1

0.5 0.6770686377 -0.3446668958
    -0.30650710527748776      0.64064271823854857     -0.70401015758463337     -0.61609660516022968
     0.94416421810206275      0.29853069377163888     -0.13940356570742413     -0.84790272582070192
     0.12086076149907109     -0.70742938336214745     -0.69637370993290404       1.1832335245933727
                       0                        0                        0                        1

0.5 -0.7364295889 -0.4396593305
    -0.59960455298785487       0.6559074281173759     -0.45854097502479096     -0.90696987766172232
     0.72023145643892539      0.69206153818506977     0.048140175745204322      -0.8767895909166864
     0.34891407135869379     -0.30139056572056988     -0.88736841148563261      0.78103401558145169
                       0                        0                        0                        1

0.5 0.4186183745 -0.02213705046
    -0.61281265786245775      0.53298704659441742     -0.58342562038884815      -1.1685343340770846
     0.70473717892450138       0.7026170399636178    -0.098360580489842364     -0.88925256724944135
     0.35749986713995613     -0.47143833458398804     -0.80618840333980823      0.35616069239816184
                       0                        0                        0                        1

0.5 -0.06042822218 0.5640847541
    -0.22812771576203991      0.79447504003234215     -0.56282071396387323      -1.4554268746593786
     0.97197316608061302      0.21955485268980274    -0.084046600642666253     -0.93424296616454361
    0.056797092534943174      -0.5662199903093923     -0.82229496706085259    -0.050840188090307215
                       0                        0                        0                        1

15
                       1                        0                        0                        0
                       0                       -1                        0                     -1.7
                       0                        0                       -1                      6.5
                       0                        0                        0                        1

0.5 -0.146960543 0.19062432
     0.98189428909836507     -0.18930107043783725   -0.0069792382897927909   -0.0011648270880077376
     -0.1893010704378372     -0.97920399058590424    -0.072970196325138376      -1.7183062640997921
   0.0069792382897927874     0.072970196325138376     -0.99730970148753939        6.000449007821774
                       0                        0                        0                        1

0.5 0.5336638587 0.2583458287
     0.90147582018965211     -0.42609043291408205     0.076080803048367826     0.013471868237473768
    -0.43273976816799264     -0.88367785985383551      0.17846493507145006      -1.6908680704190342
  -0.0088112802308348698     -0.19380501279181392      -0.9810004986530122       5.5028986103850617
                       0                        0                        0                        1

0.5 0.2560167974 -0.5448935098
     0.98875984577122411      0.11412770655557243     0.096585889170368255     0.059535052090237524
    0.080538119230683214     -0.95083387428682087      0.29904607481038487       -1.571850391235178
     0.12596657787385415     -0.28790590495000146     -0.94933798573198946        5.019809444494161
                       0                        0                        0                        1

0.5 -0.597977207 0.2029384987
     0.98838152214829655     -0.11781550263828827     0.096028506256757823      0.11058447470098992
    -0.11886528415977593     -0.99289642786359777    0.0052657152717381361      -1.4952472904143042
    0.094725977943922096    -0.016618991359128366       -0.995364655906956       4.5302467520120118
                       0                        0                        0                        1

0.5 -0.04211565666 0.1393595044
      0.9622946096608711     -0.25594751658653309     0.092086660113277902      0.15773450478142381
    -0.25563256341031915     -0.96665134339863124     -0.01540041654926079      -1.4978040010479834
    0.092957392077774717   -0.0087206111487662594     -0.99563189693746312       4.0324906813914936
                       0                        0                        0                        1

0.5 0.3434358467 -0.342520924
     0.98939621564709546      0.09964038439877651      0.10567365925371675      0.20972503226104716
    0.082684025206284872     -0.98457235032217127      0.15420972393711849      -1.4632302122914598
     0.11940887922969987     -0.14383699377399359     -0.98237082549471477       3.5370208810300778
                       0                        0                        0                        1

0.5 -0.7338450812 -0.04747060355
     0.98458114196451185      0.10090569739608957      0.14289162019120286        0.271846963183699
     0.12959890470404573     -0.96941545575972665     -0.20841736500031269      -1.4770143782112581
     0.11749084554708876      0.22372240470540872     -0.96754544433089029       3.0439095418622202
                       0                        0                        0                        1

0.5 0.9262821903 0.01986711948
     0.98696966595198377      0.13522281049614765     0.087210492557678487       0.3300371114747887
     0.11005490450516806     -0.96269643820164863      0.24719119294226111      -1.4671907939002489
     0.11738311839863648     -0.23437226669421166     -0.96503411552111951       2.5518927247298224
                       0                        0                        0                        1

0.5 0.4760031472 -0.4860710596
     0.80570633111190215      0.59231319778401725   -0.0015439355782817937       0.3560088777315305
     0.52884261284148282     -0.71819031095038033       0.4522479055783345      -1.2898943973331918
     0.26676356357117387     -0.36519549968183918     -0.89189093961254062       2.0863577440909711
                       0                        0                        0                        1

0.5 0.6336537455 -0.008234999057
     0.80088478744017066      0.56885676573001409     -0.18704421223363371      0.30855166997579719
     0.53405555989049902     -0.53724113317318389       0.6528067277355829      -1.0112379986425082
     0.27086567925257454     -0.62271497887073601     -0.73406936926496313       1.6764624165163393
                       0                        0                        0                        1

0.5 -0.6097629257 -0.2330632981
     0.64348546410025664      0.76522601339029261     0.018857516339040509      0.26400429553676924
     0.66479844880184891      -0.5709074464264623      0.48177558062387527     -0.72716369166635442
     0.37943310340866826     -0.29747913547947524     -0.87609170980671403       1.2697803708103987
                       0                        0                        0                        1

0.5 -0.04095633933 -0.4088412606
     0.28633912970813896      0.95742342084125331     0.036746374278535256      0.27774081455069227
     0.83894398787801039     -0.26906117560657478      0.47305292408413357      -0.4887148401391368
     0.46279897147825039     -0.10462541281084883     -0.88026736562980334      0.83052558673492571
                       0                        0                        0                        1

0.5 0.7888216372 0.3219663852
     0.56921068279763187      0.76160348403164135     -0.30977303255757938      0.20625209782207526
     0.74285013570152159     -0.31490676136021523      0.59076848895134204     -0.22351617859829825
      0.3523817170020101     -0.56638667424338829      -0.7450055441150959      0.41658588568266075
                       0                        0                        0                        1

0.5 -0.9874782576 -0.4192984527
     0.19246842874939932      0.97213108277304672      0.13385462950993254      0.15791083201706035
     0.86184210784399062     -0.23268378113637261      0.45065112797274642     0.035135247795489766
     0.46923777030601954     0.028625441526457962     -0.88260778322857059   -0.0026447778717162418
                       0                        0                        0                        1

16
    -0.70709999999999995                        0     -0.70710678118654724     -0.35354999999999998
                       0      0.99999040995401534                        0                      1.7
     0.70709999999999995                        0     -0.70710678118654779       6.6464499999999997
                       0                        0                        0                        1

0.5 0.1969577973 -0.5402193569
     -0.5881465933130039     -0.42926719689808923     -0.68542225557794989     -0.70345258202306427
    -0.51347164949761881       0.8529748964240228     -0.09360294457238949       1.6759929633472614
     0.62482900288062693      0.29689137371552732     -0.72210431335957892       6.2903716236183538
                       0                        0                        0                        1

0.5 0.5846251338 -0.2137008833
    -0.46394428098981244     -0.72039838385306809     -0.51553106858727027      -1.0072445736570568
    -0.67730702699772938      0.66354996449098069     -0.31770655612296561       1.5708533937193567
      0.5709569380769709       0.2017697019945289     -0.79579367440235971       5.9097360345261105
                       0                        0                        0                        1

0.5 0.2571305125 -0.6170249892
     0.05692001003546316     -0.91164673386855777     -0.40700215611757251      -1.2389092231743259
    -0.92325001175519428      0.10707312184347245     -0.36895200551389695       1.3961878454012819
     0.37993707169294511      0.39676055951798173     -0.83559517109923975       5.5029403486799913
                       0                        0                        0                        1

0.5 0.8906359547 -0.1671983939
     0.21775019337672702     -0.97576597691832934     0.021354661622582649      -1.3365153347850747
    -0.91434319254916196     -0.21159855004916869     -0.34522948868266706       1.2117071270499578
     0.34138716684887183     0.055639474423041402     -0.93826939692011047       5.0531207355702126
                       0                        0                        0                        1

0.5 0.969520811 -0.2761137605
     0.46393311351745792     -0.76094256704807917      0.45356684825533228      -1.2134232031212107
    -0.80243090755427215      -0.5778917257763162     -0.14875016598612051       1.0807750313895714
     0.37531091019769247     -0.29495605610767339      -0.8787110194210529       4.5917571729949991
                       0                        0                        0                        1

0.5 -0.5711650494 -0.5253330276
     0.81117264929979149     -0.52141191692211286      0.26479984123779948      -1.0366989011685552
    -0.41997916400629054     -0.83450132772782915      -0.3566592993615445      0.95749448396976589
     0.40695390989696523      0.17809856043337347     -0.89591284620276113       4.1424383704797716
                       0                        0                        0                        1

0.5 0.9872865505 0.6231777579
     0.40864566969148275     -0.70167196352221495      0.58365707590097571     -0.82833199865425589
    -0.86163241313365646     -0.50746827212155787   -0.0068086288952015073      0.87342601187598901
     0.30097167705513439     -0.50012706328919809     -0.81196020849321315       3.7013708480733016
                       0                        0                        0                        1

0.5 -0.6922836076 0.6160095757
     -0.1225508231358225      -0.9506041813145687      0.28517257269237695     -0.60750410751305228
    -0.99137908011761244      0.10389384039170173    -0.079714549699667375      0.84290354500815245
    0.046148577807186536     -0.29249512779451103      -0.9551477995487645       3.2565740398385543
                       0                        0                        0                        1

0.5 -0.7017459306 0.4985748984
    -0.57709366249926985     -0.81593402886557442     -0.03471275331011231     -0.54687029635551909
    -0.81652334432815699      0.57566661418242027     0.043340483187323101      0.82686974030594929
   -0.015385683769961481     0.053347978400448248     -0.99845264481372187       2.7630862023703497
                       0                        0                        0                        1

0.5 0.4478368405 0.1061557832
    -0.66000141723972816     -0.73806608775058979       0.1401677186590651     -0.51977930760677005
     -0.7509468336164109      0.65348143852205787    -0.094982538335363076      0.81468597784647989
   -0.021500147549884885     -0.16795580316656081     -0.98555517442607388       2.2650173815305865
                       0                        0                        0                        1

0.5 -0.4466978158 0.5725118381
    -0.96033462843147588     -0.27788261235803269      0.02300141700966471     -0.48329678538510606
    -0.27480055182978796      0.95719689479696268     0.090772139476255398      0.81078898820945744
   -0.047250546926401613     0.080848937195792309     -0.99560094674998512       1.7673982172856246
                       0                        0                        0                        1

0.5 -0.5958314515 0.3543909386
    -0.99728970680476237     0.073065817269526323   -0.0080645550407688546     -0.48393459000358985
    0.064675696856715301      0.92428841994937938      0.37614995810657481      0.92792947743674736
    0.034928449896729052      0.37461319395934639     -0.92651787262814789       1.2832088772071044
                       0                        0                        0                        1

0.5 0.6780100982 -0.4984592307
     -0.9106955376503989     -0.40992742805275922     0.050828647765792767     -0.48010762809842455
    -0.40726827390286224      0.91162972260023745     0.055178092971735815       1.0355815910563442
   -0.068965314747208309     0.029545899546169319     -0.99717663188716288      0.79738132524460092
                       0                        0                        0                        1

0.5 -0.8382121432 0.3133162635
    -0.99292313871381832     -0.10292629512319472    -0.059162727953589782     -0.48757685963392061
    -0.11850024438688089      0.88941709326434237      0.44144733127459002       1.1601276225952231
   0.0071743498950716939      0.44533735118912743     -0.89532875656902411      0.31696076140703855
                       0                        0                        0                        1

0.5 0.6890836195 0.2212475086
    -0.99332356226787233     0.099357321240126778    -0.058539160904889462     -0.51409021956013112
    0.092280075448642654      0.98926723721887855       0.1132057464995489       1.3002283531462711
     0.06914983087259205      0.10704991664253311     -0.99184123035751981     -0.15970178368970173
                       0                        0                        0                        1