6
22
                       1                       -0                        0                        0
                       0                        0                       -1                     -0.5
                       0                        1                        0       9.0500000000000007
                       0                        0                        0                        1

0.5 0.9215884595 -0.1528979127
     0.98853891583840214      0.14696173543840921    -0.034540703379746941   -0.0058023985496267524
    0.034540703379746948     -0.44290414766862718     -0.89590337413582677     -0.98251309174874879
    -0.14696173543840926      0.88444228997422891     -0.44290414766862718       8.9370465175761442
                       0                        0                        0                        1

0.5 0.6641549794 0.189704069
     0.99709687922915524    -0.057839780876665477    -0.049521441614908027    -0.029658615716954551
   -0.075937819132487219      -0.7076104565446284     -0.70251041943454773      -1.3857881250700264
   0.0055911588137953303      0.70423149712068545     -0.70994840474944165       8.6463337819598163
                       0                        0                        0                        1

0.5 0.730098207 -0.03575901713
     0.99880833772149236    -0.036806393699240575    -0.032049865536161862    -0.049730797023863349
   -0.046615900280109056     -0.91393482955413963     -0.40317500563517145      -1.6653548129589604
   -0.014452070408923576      0.40418859052514372     -0.91456149107109974       8.2356322752418158
                       0                        0                        0                        1

0.5 0.8167025102 0.1796851241
     0.97539708415354653     -0.21943796310388286     0.021154398445204513    -0.055572430682733306
    -0.21925023748904254     -0.97560835837683269    -0.010847323460643932      -1.7699132454413478
    0.023018722504908044    0.0059423407913335446     -0.99971737356122903        7.750263959181245
                       0                        0                        0                        1

0.5 0.7744526402 -0.1129789118
     0.99292444320629736    -0.086620179318888005     0.081228040837067583     -0.02782804778263584
    -0.11037739686756269     -0.92550060279726321      0.36230576103981899      -1.6812379750552569
    0.043793610769211441     -0.36870798575114372     -0.92851308062898574       7.2621451201488982
                       0                        0                        0                        1

0.5 -0.5642169327 -0.3593904945
     0.96401361870658664      0.24469974185865065      0.10392198652134144     0.014551335485330566
     0.23584121840439504     -0.96756499434131082     0.090536740756605893      -1.5675311740682127
     0.12270559339232454    -0.062769563162477338     -0.99045611679197054       6.7787940877101232
                       0                        0                        0                        1

0.5 0.06705812505 -0.2507792887
     0.87271386527223693      0.47954021847716272     0.091715256225272296     0.063789079282708522
     0.46815076440138276     -0.87524235233427417      0.12159640813266923      -1.5143687702091826
     0.13858344472552642    -0.063182304035552195      -0.9883332561968996       6.2840961672294968
                       0                        0                        0                        1

0.5 0.9233410396 -0.12249818
     0.80721053982569757      0.56950731695561907      -0.1551533445605292     0.049666805292448025
     0.56451611177603844     -0.66806601369689367      0.48477764066467061      -1.3587747210867478
     0.17243173704271836     -0.47890418381671473     -0.86076598375126201        5.813793844348158
                       0                        0                        0                        1

0.5 -0.5295515885 0.6139904714
     0.99698393955532383     0.025451935864249209    -0.073315913889883566   -0.0014031067709011774
    0.043759279513348022     -0.96456056234206189      0.26020769979160424        -1.16923272536232
   -0.064094849443768545     -0.26263114920954644     -0.96276514775912747       5.3555070964584059
                       0                        0                        0                        1

0.5 -0.7207852607 -0.251121319
     0.95659770015124534      0.29100691596297673    -0.015356266703389569    -0.027571703519351336
       0.288495421158319     -0.95314506037485014    -0.091021348340414004      -1.1271081105675638
   -0.041124591621470301     0.082640599857091768     -0.99573053544582435       4.8606817011915213
                       0                        0                        0                        1

0.5 0.9398175557 -0.4637426963
       0.733671546883776      0.63523710277050349     -0.24124652237266472     -0.08493305903761493
     0.67874335251001827     -0.66831032715850824       0.3044154530189756      -1.0681417146688785
    0.032148448121616324      -0.3870854296883629     -0.92148323229798823       4.3721137302687767
                       0                        0                        0                        1

0.5 0.633782818 -0.2290426653
     0.58149776566885403      0.67657194562450529     -0.45178617831447931     -0.25764406112283728
     0.79945894100236869     -0.37231441123148057      0.47143120478042888     -0.87026178205238436
     0.15075062246472323     -0.63532069192119645     -0.75739148941830048       3.9491090169132064
                       0                        0                        0                        1

0.5 -0.9769314309 -0.5624163508
    0.088178081506007353      0.99583143826020282    -0.023331791927249046     -0.38298225873990832
     0.93113584727166998    -0.074083554821613051      0.35706814591988129     -0.66926364779913161
     0.35385118322197046     -0.05321065191866764     -0.93378689573949514       3.5143558472658731
                       0                        0                        0                        1

0.5 -0.1663799915 -0.1148858785
   -0.026537895927988976      0.99786143764403845     0.059735176761175401     -0.37388845137705096
     0.93518731927233956     0.003671472343323684      0.35413443515570053     -0.49173261129813994
     0.35315778053432456     0.065261562606222068     -0.93328479602652104        3.047177132264312
                       0                        0                        0                        1

0.5 -0.517114745 -0.5610216992
    -0.54318692334357865      0.78500813312500994      0.29784257122870245     -0.28218618018440089
     0.81558234382554218      0.40906533721452171      0.40925663138134299     -0.30528027477467884
     0.19943271233318907      0.46521799279171983     -0.86243771510426859       2.5939100290472763
                       0                        0                        0                        1

0.5 -0.4377874997 -0.4345541984
    -0.80684210419586144      0.40440760810041876      0.43065102508561781     -0.09657771134029508
     0.58833755166185642      0.61609385759918589      0.52372443511171618    -0.073930719769120024
   -0.053523305216769901      0.67593109496386705     -0.73501864647070081         2.19261648818435
                       0                        0                        0                        1

0.5 0.5964131439 -0.5294955562
    -0.93133478705905837     0.051262718391235862      0.36053799815941728     0.096804375709998752
     0.16177085552405612      0.94523313149922006      0.28348636196331028      0.13198701976349783
    -0.32626017948360486      0.32234525096442623     -0.88862131105663211       1.7822858170420319
                       0                        0                        0                        1

0.5 0.631705008 0.5971854847
    -0.71041804669095143      0.66024168230310853      0.24369472683128562      0.25593867008481019
     0.68225094906604544      0.73107205212728976    0.0082034807779168273      0.20206933455390061
    -0.17274212408759421      0.17208885945334967     -0.96981729362687297       1.3156835065383543
                       0                        0                        0                        1

0.5 0.7157170358 0.2735065819
    -0.49803036983854909      0.86648510385628474    -0.034195255718334233      0.31139923474592074
     0.85081655485692953      0.48064432144072117     -0.21234930244334288        0.147286121727562
    -0.16756175190019884      -0.1348502912935407     -0.97659534006577375      0.82448809894884967
                       0                        0                        0                        1

0.5 0.6031042272 -0.2347915061
    -0.68180016302578594      0.67980195060994575     -0.27021814455162962      0.23294454224057445
     0.72495141032252719      0.57841789018059742      -0.3740029371414153    0.0019295556082922771
    -0.09794891714251372     -0.45089028850257995     -0.88718879465684752      0.35456142617690634
                       0                        0                        0                        1

0.5 -0.7676712759 -0.0980617284
    -0.74851641920953227      0.66305414661244555   -0.0090757277274157722      0.16338962760032935
      0.6593154973910007      0.74269319905841735     -0.11708922654297385     -0.12347766335731564
   -0.070896015923305203    -0.093626976520746918     -0.99307992840142867     -0.12123452283019653
                       0                        0                        0                        1

17
                       0     -0.99999040995401534                        0                     -1.8
    -0.70709999999999995                        0      0.70710678118654724       1.1535500000000001
    -0.70709999999999995                       -0     -0.70710678118654768       5.3464499999999999
                       0                        0                        0                        1

0.5 0.8968613381 0.5160821788
    -0.47680142182318735       -0.775240274055082      0.41429909682545557      -1.6921927732364042
    -0.53786258584560709      0.63010602892170986       0.5600541411899298       1.4822062695745641
    -0.69523039374558149     0.044193008379416587     -0.71742043992539051       4.9911504291968871
                       0                        0                        0                        1

0.5 0.9677797384 -0.1240154157
    -0.39319215274515507     -0.54497326961673798       0.7405301387674057      -1.3988233796338569
    -0.62520294186836645      0.74902241224130017      0.21926494804086583       1.6794436740704743
    -0.67416767609492301     -0.37677916079491447     -0.63523682079949617       4.6444629306110601
                       0                        0                        0                        1

0.5 0.5525802937 0.1761004859
    -0.46355740283772662     -0.24701385938764842       0.8509286148348526     -0.99752240317363161
    -0.48075261832898158      0.87681984474216024    -0.007368163689966678       1.7338917245701821
    -0.74429358475436636     -0.41251409112915816     -0.52521385578960089       4.3539381398451873
                       0                        0                        0                        1

0.5 0.8017035718 -0.08784763701
     -0.4554711970147729     0.065508463624649682      0.88782624982789726     -0.55759918070640047
    -0.55367836173091778      0.76009321526260132     -0.34013083638906838       1.6450618941207138
    -0.69711353289273048     -0.64650347196041025     -0.30992965814995999       4.1412331208757074
                       0                        0                        0                        1

0.5 0.520050792 -0.3978692987
    -0.49025514632724054       0.1060384457861097      0.86509338196227237      -0.1189284927461664
    -0.78456699679609387      0.37859955960591729       -0.491026894380097       1.4331235630224897
     -0.3795878183978349     -0.91946462702479137      -0.1024123907256044       4.0351790452630718
                       0                        0                        0                        1

0.5 -0.5101069845 -0.5225825392
    -0.42147483913517592     -0.36181107006615992      0.83152422066561471      0.31022609991543143
    -0.89912034970831056     0.047388821234240139     -0.43511757762981079       1.2051272953986873
     0.11803515824309491     -0.93104084225268302     -0.34528403014901049       3.9233786620893598
                       0                        0                        0                        1

0.5 -0.6303935996 -0.2147210867
    -0.30825808955297823     -0.67992257832987135       0.6653292851681849      0.68862746166224298
    -0.90312046157980996    -0.010582861433530794     -0.42924566965753952      0.98979968939571294
     0.29890643752105395     -0.73319787107912093     -0.61079148115663617       3.6817551521413283
                       0                        0                        0                        1

0.5 -0.8155074082 -0.2736468046
   -0.081897236415063135     -0.94109863280996831      0.32803509871778008      0.94142380727932606
    -0.89066990269657587    -0.078578403690219428     -0.44779791078562298      0.77169869049418227
     0.44721130630791117     -0.32884680089573753     -0.83177655596380651       3.3142155543142304
                       0                        0                        0                        1

0.5 -0.2780918144 0.4814588048
    -0.51772644621442243      -0.8313053712872096      0.20216707585365951       1.0733355764691821
    -0.81117320951389837      0.40187077175872893     -0.42483916600634197      0.55074417999461123
     0.27193642885816705     -0.38395052343363617     -0.88239616058486126       2.8859929672583484
                       0                        0                        0                        1

0.5 0.1972875623 0.1534831955
    -0.63700380974355197     -0.71865333485172755      0.27882673953315795       1.1940473050172586
     -0.7435136192672317      0.47733688218143788     -0.46832404259598476      0.32776372766881784
     0.20347743012943731     -0.50564510438417498     -0.83839750347924891       2.4552940896223419
                       0                        0                        0                        1

0.5 -0.947097966 0.4984890224
    -0.92323632714555193     -0.38414540189359647    0.0069147988256228476       1.2588298484657388
    -0.38194766422761361      0.91570707413399299     -0.12484769189709316      0.17075229453997964
    0.041631798705510148     -0.11791492821472471     -0.99214579223048704       1.9899469171331579
                       0                        0                        0                        1

0.5 -0.6134604877 0.2421011782
    -0.98742876068563767     -0.13938379410299956    -0.074413846240323017       1.2388189387644626
    -0.15022423113547656      0.97414155646109823      0.16873446107806089       0.1809752616669647
    0.048972680916206809      0.17778438555928583     -0.98284525678012347       1.4924103385918703
                       0                        0                        0                        1

0.5 -0.3070825511 -0.3064935351
    -0.90134789851343544     -0.41681871523090397     -0.11753699195858411       1.1926096198682368
    -0.43206034661037773      0.84691309717922292      0.30992333360561286      0.30145525980774207
   -0.029634368575667019      0.33012686295087851     -0.94346619894797168       1.0098559413639552
                       0                        0                        0                        1

0.5 -0.8601926467 -0.6250769922
    -0.51234909481966462     -0.76753105656945664     -0.38519514825454909       1.0732727322329023
     -0.7919588491744225      0.24883759751589196      0.55755846444731083      0.52914789845021992
      -0.332087991888527      0.59072655960301257     -0.73535712917128571      0.58543455217491713
                       0                        0                        0                        1

0.5 -0.6862921184 -0.218728582
    -0.35123261589923371     -0.68529257678532196     -0.63795811283462434      0.81630533357605362
    -0.80557559325988026     -0.12605234457806669      0.57892070266174123      0.81864262545148236
    -0.47714302627851962      0.71726740545221546     -0.50779170094599224      0.27283308191603339
                       0                        0                        0                        1

0.5 0.2369802562 0.4137833789
    -0.61191297381157439     -0.55518006615650173     -0.56331024011954345      0.51663261453843501
    -0.77425821463110145      0.27507911341008751      0.56995272474283265       1.1078475457452948
    -0.16146563332104158      0.78491393684372879      -0.5981884076147872   -0.0033269325403901817
                       0                        0                        0                        1

18
                       0      0.99999040995401545                        0                      1.7
     0.70709999999999995                       -0      0.70710678118654768     -0.84645000000000004
     0.70709999999999995                        0     -0.70710678118654735       6.2464500000000003
                       0                        0                        0                        1

0.5 -0.04139501695 -0.2140607
    -0.21241241012694626      0.97695443753278144     0.020538135481799804       1.7051544153356997
     0.69252237948570672       0.1356754614625694      0.70851628991038307     -0.49266132851859962
     0.68940158255469464      0.16472104975531413     -0.70539552290795671       5.8931822595490724
                       0                        0                        0                        1

0.5 0.9363961895 -0.1437505802
    -0.34582887185159505      0.84201301696257391     -0.41400155876450162        1.604145503200338
     0.64340596242416603       0.5339657729208549      0.54854328075920034     -0.17059524539144838
     0.68294362424890509    -0.076674823458571378     -0.72642920339518768       5.5304979308681119
                       0                        0                        0                        1

0.5 0.9646088253 -0.3453008914
    -0.56632971074343541      0.39747021247966824     -0.72198954903836665       1.3111613558355413
      0.3880512648162141      0.90143858578820302      0.19187261901246194       0.0219371408995509
     0.72709614012727541     -0.17151608249878209     -0.66475848731421849       5.1807838054474509
                       0                        0                        0                        1

0.5 0.9188284953 -0.2655230827
    -0.60447172676115424     -0.11694592736839191      -0.7879837572046362      0.92377441988189879
      0.1349815270318902      0.95982137598901596     -0.24599456001036094    0.0095295141235381409
     0.78509795066164223     -0.25507165811131827     -0.56440239820116966       4.8718865850581281
                       0                        0                        0                        1

0.5 -0.2454520133 -0.1180864659
    -0.59222038773052432    -0.090050039456240419     -0.80071644341192139      0.52646176882127693
    0.019469699897258767      0.99184139961728279     -0.12594434799204121     -0.08361902915601295
     0.80553254977895683    -0.090186896107701295     -0.58563985948453889       4.5835324607292929
                       0                        0                        0                        1

0.5 -0.25123297 -0.1750512878
    -0.57630965239995835    -0.091029877977070239     -0.81213395807964994      0.12325430091534983
    -0.15448971337757239      0.98798891859799531   -0.0011113901563843537     -0.11536278411133379
     0.80248969814269977      0.12481755971988009     -0.58345631469752057        4.290132207871153
                       0                        0                        0                        1

0.5 -0.8190042777 0.01344461097
    -0.57524365589329096       0.2473812919599602     -0.77966534663452991     -0.28048591628688735
     -0.1415583403347592      0.90867626495389708       0.3927583121858832     -0.01609397287340443
     0.80563353736051413      0.33629437072802904     -0.48769981514926097       4.0187246972474968
                       0                        0                        0                        1

0.5 0.8816374722 -0.4990899573
    -0.53810583911337528     -0.39066322852839408     -0.74686355366148494     -0.67392492267767468
    -0.58693285512960736      0.80962945442116552  -0.00061652501433645535     0.080108648788110873
     0.60493501514344605      0.43802343853091374     -0.66496579216599794        3.732440754743291
                       0                        0                        0                        1

0.5 0.8685851642 -0.2850894414
    -0.36508941424027286     -0.79568433472239308     -0.48329802305314373     -0.98882756627739665
    -0.78414904312339639      0.54265223924833483     -0.30104689901646542  -0.00016017122019207353
     0.50181338837795564      0.26906602260796231     -0.82205669434812489       3.3576139187544705
                       0                        0                        0                        1

0.5 0.3683086298 -0.529415982
     0.10723076777165388     -0.94165743856473838     -0.31900415489268719      -1.1905290859945754
     -0.9352895310193089     0.013289880645953919     -0.35362025145358633     -0.16791023779919145
     0.33724087091904459      0.33628331499280117     -0.87930230128165621       2.9327926558167641
                       0                        0                        0                        1

0.5 0.9718024 -0.6216626651
     0.65981059689180854     -0.74288908964734046       0.1129008268890036      -1.2379882926402186
     -0.7204816622314083     -0.66813435836685686     -0.18572308299717424     -0.31668741118334542
     0.21341352964173024     0.041205885397600617     -0.97608767555709752       2.4629081372845527
                       0                        0                        0                        1

0.5 0.05608942173 -0.1083152083
     0.73607122739020359     -0.66376576828630562      0.13264604426657178      -1.1765090976100998
    -0.64375965694464599     -0.74703072408425364     -0.16585840757907713     -0.40467499580889138
     0.20918998361589131     0.036698945655136456     -0.97718122584430767       1.9745856443424652
                       0                        0                        0                        1

0.5 0.1627574442 0.458591664
     0.36898008328181392     -0.90813795995266033      0.19778767361583888      -1.0947322918902467
    -0.91065027095978901     -0.39580902548627256     -0.11849771873107989     -0.47456878375277101
     0.18590893889739177     -0.13638961261250138     -0.97304992164300441       1.4864388192701086
                       0                        0                        0                        1

0.5 0.7941514906 -0.2947752245
     0.59884984899553695      -0.6195737587979081      0.50743278940866043     -0.91363335862993234
    -0.75311414720747316     -0.65117417230703689     0.093710664260828913      -0.4850078404402659
     0.27237629260242258     -0.43827138786477826     -0.85657443097914143       1.0240176733471531
                       0                        0                        0                        1

0.5 -0.705954622 0.3725343871
      0.3047488580199646     -0.92453914643250013      0.22877132741974321     -0.72507727252993814
    -0.94009473086749185     -0.33052647174461669    -0.083453930232392601     -0.48718037851593504
     0.15278188579862775     -0.18963287837570203     -0.96989044577764594      0.56372847789104097
                       0                        0                        0                        1

0.5 -0.926785781 0.4990414188
    -0.18373821751004107     -0.95690988811499067      -0.2248211588218253     -0.72345982981417267
    -0.97069475230277502      0.21266791689118372     -0.11186806951502515     -0.54658086959976804
     0.15487070357568444      0.19767813563399256     -0.96795084062479164     0.071731491562558924
                       0                        0                        0                        1

0.1958918797 0.6280481499 -0.5108317208
     0.31322781725312571     -0.94383081887480047     -0.10513106030553261     -0.75575092069406036
    -0.94720303460600896     -0.30251643968738468     -0.10621028646998701     -0.56898023446299451
    0.068450407704217384      0.13285265074314873      -0.9887644435737184     -0.12005162282705348
                       0                        0                        0                        1

14
                       0      0.99999040995401534                        0                      1.8
     0.70709999999999995                       -0      0.70710678118654724       1.1535500000000001
     0.70709999999999995                        0     -0.70710678118654768       4.8464499999999999
                       0                        0                        0                        1

0.5 0.7826501364 -0.1251500023
    -0.12165759043362587      0.91677282838455065     -0.38040482623867278       1.7035380804852425
     0.68456712491214866      0.35501431902871727      0.63664989968906005       1.4952941043930745
     0.71871281702822787     -0.18296450467185238     -0.67079526434638226       4.4989827870179813
                       0                        0                        0                        1

0.5 0.7170990561 -0.6157876081
    -0.57726500298831118      0.49983347786107923     -0.64568756433293828       1.4407327331982867
     0.29223854652786074      0.86484102779985694      0.40821200197614194       1.7641914132839203
      0.7624596308478524     0.046943863595044849     -0.64532317097569525       4.1734173313380252
                       0                        0                        0                        1

0.5 0.9824175625 -0.4617595801
    -0.66123481208235768      -0.1500192260870073      -0.7350126360102005       1.0821552703347632
    -0.15210076644153689      0.98625552674995376    -0.064465516387193167       1.8526320593966743
     0.73458984473678002     0.069160346724511601     -0.67497038190615333       3.8438021307584882
                       0                        0                        0                        1

0.5 -0.07659037178 0.135872135
    -0.67354808224606533    -0.030927593956030987     -0.73848309718959559      0.71359124738353885
   -0.016971656909713723      0.99950311737520847    -0.026379750169001202       1.8298995974442469
     0.73893926915756936   -0.0052443839058737701     -0.67374450864873459       3.5067421701943609
                       0                        0                        0                        1

0.5 0.7381842546 0.3287358677
    -0.69154362777691247    -0.076317724647498447     -0.71827838320930626      0.34869997098152888
     0.29771561961449317      0.87589083350362817     -0.37969865370037525       1.7264711976370339
     0.65811464528562502     -0.47643384714850967      -0.5829976954944559       3.1852805955092443
                       0                        0                        0                        1

0.5 -0.5280750575 0.5522157042
    -0.57816558977031307      0.47404601068870295     -0.66406757981072329   -0.0029795302943222968
     0.73458879494793938      0.65665305504590343     -0.17081123392744152       1.5912708807276621
     0.35508598158355204     -0.58658570367990415     -0.72788843095710543       2.8587785418118568
                       0                        0                        0                        1

0.5 -0.3910194915 -0.5936199285
    -0.78030536523772376      0.18468100451880759     -0.59749249664840653     -0.31599682271369084
     0.23480817861274925      0.97201697239323948   -0.0062076272474015648       1.5444302536287726
     0.57962972362275011     -0.14515068335715839     -0.80184229909251126       2.4727261933596276
                       0                        0                        0                        1

0.5 0.9177068737 0.3544889956
    -0.71802335325878741      0.15680871803345076     -0.67811083911386616     -0.63543355405282675
     0.54555619136833189      0.73180166300116889     -0.40844238037745634       1.4361491582868529
     0.43219422656388296      -0.6632321126580758     -0.61100059350540126       2.1095543753299539
                       0                        0                        0                        1

0.5 -0.2846024283 0.6018570915
     -0.4754715566784285      0.62334689612136718     -0.62076264859094799     -0.96293592804704642
     0.87969224727557427       0.3429300997925121     -0.32944029313298417       1.2539990271921777
   0.0075142486599920795     -0.70272960624882785     -0.71141060335677009       1.7791872719459694
                       0                        0                        0                        1

0.5 -0.7721692291 -0.1718570867
    -0.59280969030936825      0.72180063570543496     -0.35715729499835264      -1.2090044598800027
     0.79892963138521933      0.58292094340272005     -0.14800347238210099       1.1307658461116308
     0.10135877718709928     -0.37309060681788697     -0.92223652464614381       1.3654567819410171
                       0                        0                        0                        1

0.5 -0.9221876361 -0.07535042964
    -0.64968040108459379        0.760139810009138   -0.0091468948737904454      -1.3013197826100427
     0.75183517032544689      0.64426939169697484      0.14018287193560885       1.1276277443321647
     0.11244551428912081     0.084191736054214261     -0.99007987955337873       0.8785601325224941
                       0                        0                        0                        1

0.5 0.2877218844 -0.3548912615
    -0.87225623939150287      0.47882684985093749    -0.099371629273250869      -1.3301397971979472
     0.47843177001976167      0.87762849375112151     0.029354358993087415       1.1714142853187195
     0.10126341152217348    -0.021946648623505455     -0.99461272669370548      0.38174920522688083
                       0                        0                        0                        1

0.5 0.5660655443 -0.4295930754
    -0.98436570970553516     0.031544232046339049     -0.17323374665614127      -1.4035893740996126
    0.072892510683746567      0.96856264388763957      -0.2378308153953243       1.1203723208514464
     0.16028638335047229     -0.24675159697895255     -0.95572607723173597     -0.10849839596653871
                       0                        0                        0                        1

12
                       0                        1                        0                     -1.8
                       1                       -0                        0     -0.29999999999999999
                       0                        0                       -1       5.4000000000000004
                       0                        0                        0                        1

0.5 -0.537518722 -0.2949110708
    -0.28714794832759499      0.92144842608492894       0.2616846457797255      -1.7336968510041977
     0.95708760999807208      0.28714794832759499     0.039107065339031008     -0.29344736913523151
   -0.039107065339031008      0.26168464577972544     -0.96436081608685664       4.9059715658661647
                       0                        0                        0                        1

0.5 -0.03259305283 -0.1538249899
     -0.4246073189775843      0.86220416233060815      0.27624736583439602      -1.5991736038941766
      0.9018411343903121      0.42972219848494253     0.044959987220446973     -0.27252745566822434
   -0.079944937252230508      0.26822157741136765     -0.96003437043612894         4.42486832874431
                       0                        0                        0                        1

0.5 0.8268826078 0.6269607815
     0.18031486946618969      0.97593076557449054     -0.12266086847311908      -1.5587991759169719
     0.98312510737798742     -0.18273025029419204   -0.0086416937253776874     -0.27409895817348562
    -0.03084754597066415     -0.11903275361265403     -0.99241101992822345       3.9300222946115295
                       0                        0                        0                        1

0.5 -0.300675116 -0.2384454612
   -0.056598070519125014      0.99803968372469043     0.026710449719768631      -1.5829254560551862
     0.99820388823522233     0.057093095035871427    -0.018148719274621625     -0.28230082364376369
   -0.019638124289153198     0.025635292273447657     -0.99947845192603257       3.4311425142540286
                       0                        0                        0                        1

0.5 0.05275786621 -0.31745765
    -0.36538501022007452      0.93085588981057066    0.0010520035394237306      -1.5760588111306935
      0.9305843134176256      0.36530527024575943     -0.02376752304551755     -0.29244054705415456
   -0.022508441250397207   -0.0077053186594447029      -0.9997169590123165        2.931306953986585
                       0                        0                        0                        1

0.5 0.3490978559 -0.3971562683
    -0.69526111668390367      0.70419944109032862     -0.14392750534738033      -1.6134313238295208
     0.71857203580488538      0.68554927160982859     -0.11694625070713496     -0.32528255836465414
    0.016315912069942352     -0.18473046138442395     -0.98265377811822585       2.4344227319105634
                       0                        0                        0                        1

0.5 -0.02327937493 0.1381668028
    -0.59153438365403055      0.79486537169079818     -0.13518917797625504      -1.6832544805522449
     0.80623504566985082      0.58136167441609055     -0.10956119136744055     -0.38185887305700694
  -0.0084925902279568283     -0.17380346488769571     -0.98474373900231083       1.9425680514805641
                       0                        0                        0                        1

0.5 -0.845874554 -0.05592649739
    -0.63531576370649001      0.74699145403566447      0.19590213879313151      -1.6672300173933241
     0.77218078474834284      0.61793342738249735      0.14796998002552142     -0.37290312093750672
   -0.010522169523109002       0.2452795281327072     -0.96939529451484518        1.446625550723188
                       0                        0                        0                        1

0.5 0.6616926328 0.006572813395
    -0.63027037992625978      0.77420169778326109    -0.058060135524510004      -1.6323937298413627
     0.77631152161587935       0.6274918779202151    -0.059953019528626833     -0.35076687395032757
  -0.0099834660337189754    -0.082859364550290637     -0.99651124234113653      0.95061715838941707
                       0                        0                        0                        1

0.5 -0.2714084797 0.1798837653
    -0.48131980458279089      0.87486105982750439     0.054308118305461388      -1.6339013789636763
     0.87645606697386258      0.48122918439794771     0.015595985008779095     -0.36102841239933464
   -0.012490331504490138     0.055105336231457622     -0.99840242063895546      0.45110798191623841
                       0                        0                        0                        1

0.5 0.327718378 -0.1388162123
    -0.59782893000697335      0.79729232530842775    -0.083219699897306376      -1.6416592798052645
     0.80157703927892698      0.59344388674490378    -0.072791506276016812     -0.37456056107526309
  -0.0086498871407065542     -0.11022386896395063     -0.99386914539242566    -0.048089557758324686
                       0                        0                        0                        1

14
     0.70709999999999995     -0.70709999999999995                        0      -1.6000000000000001
    -0.70709999999999995     -0.70709999999999995                        0      -1.6000000000000001
                       0                       -0                       -1       6.2999999999999998
                       0                        0                        0                        1

0.5 0.9417788964 -0.436400753
     0.92986228306400043     -0.27849700916531522      0.24036715753400834      -1.5314405085120248
    -0.35423604993534091     -0.85412324229397485      0.38075074248047686      -1.5077169815072724
    0.099267136859332819     -0.43920089097333137     -0.89288779413092123       5.8181009717727514
                       0                        0                        0                        1

0.5 -0.8124410338 -0.1832048413
     0.97266111107056108     -0.18096930613764223      0.14546921752398961      -1.4366376438291013
    -0.18310209738794569     -0.98308329495348579     0.001295034954311769      -1.4100155195131181
     0.14277673455845208      -0.0278958840146174     -0.98936172541890288       5.3405537527803544
                       0                        0                        0                        1

0.5 0.6150487508 -0.152237933
     0.98514086703531445     0.018630530318517191       0.1706786320456071      -1.3550380725564128
   -0.034288288398880665      -0.9527118956332824      0.30190259554616755      -1.3338261816205861
     0.16823539529470946     -0.30327467970402644      -0.9379346034881394       4.8551941558968368
                       0                        0                        0                        1

0.5 -0.8269393491 0.5688067535
     0.82272221093024878     -0.56598640264399558     0.052615355782812276      -1.2890588546738213
    -0.56136676995574053     -0.82355881719615254    -0.081234501339841947      -1.2809027513474756
    0.089311176347125834     0.037297631588835478     -0.99530517955919229       4.3659679303397692
                       0                        0                        0                        1

0.5 -0.9344022037 0.117282387
     0.75191578665565639     -0.61802747704169048      -0.2294460882200603      -1.3322495296360508
    -0.64829385878014367     -0.63002227722010573     -0.42751353531127312      -1.4118719314241299
     0.11966125973291368      0.47021168478382303     -0.87440388517657619       3.8900804791158095
                       0                        0                        0                        1

0.5 0.9329374931 -0.1180070552
     0.82312459493049583     -0.56545481022805422     0.052034400260423136       -1.375576674202009
    -0.56081369375580015      -0.8238881069300249    -0.081714185764989289      -1.5429614963481377
    0.089077911444822522     0.038080082221443268     -0.99529645484681439       3.4142238103811842
                       0                        0                        0                        1

0.5 0.6308549764 -0.09282585916
     0.87040336113078298      -0.4440063543758106      0.21269030585839419      -1.3077964399548836
    -0.48212614031552931     -0.85619019712609901      0.18567054470115049      -1.5173977138463253
    0.099666364832857318     -0.26415688894603206     -0.95931629494310033       2.9215912033697111
                       0                        0                        0                        1

0.5 -0.1582672335 0.2924932848
     0.70312148171812372     -0.69106249936226105      0.16743244584516578      -1.2119499008315884
    -0.71040758390352121     -0.69278305337102475      0.12390934466084776      -1.4405423593886533
    0.030365842067177996     -0.20607255380816075     -0.97806544678898344       2.4370539565799021
                       0                        0                        0                        1

0.5 -0.06560727581 0.006796622599
     0.69839056757775586     -0.70094407892343835      0.14459887046789785      -1.1339285651774413
    -0.71511269315987369      -0.6916307918327238      0.10120031556507778       -1.384266519293726
     0.02907382693530525     -0.17408517246832508     -0.98430130819480743       1.9464185460796914
