6
21
                       1                       -0                        0                        0
                       0                        0                       -1                     -0.5
                       0                        1                        0                     8.75
                       0                        0                        0                        1

0.5 0.8215571558 -0.1781774548
     0.98438983455987761      0.17228316418673659    -0.035988400255953651   -0.0060384399815004751
    0.035988400255953651     -0.39718960659944486      -0.9170306709463949     -0.98607870007468112
    -0.17228316418673656      0.90142050550627273     -0.39718960659944486       8.6490096690573246
                       0                        0                        0                        1

0.5 0.6965817893 0.3453161438
     0.98188044143357722     -0.18652453404100794    -0.033457389781460276    -0.028627944326518367
    -0.15188678986048254     -0.66904431300735012     -0.72753701644548674      -1.4011817182513076
     0.11331902662872342      0.71943610239777933     -0.68525213809999241       8.3757476041483123
                       0                        0                        0                        1

0.5 0.8981493614 -0.06737582883
     0.99232713596538136     -0.11823042280643056     0.036172121167504581    -0.026666966483589582
   -0.097185211733942761     -0.92673098516839159     -0.36293899728335999        -1.67863906461503
    0.076432256586945677      0.35663882044981426     -0.93111055299636281       7.9648450243013293
                       0                        0                        0                        1

0.5 0.50822319 0.0175094848
     0.99020803780090949     -0.12251094107423881     0.066926162235537601  -0.00093776677154851912
    -0.11402515108510393      -0.9863799952644523      -0.1185443792936558      -1.7996421554505084
    0.080537611055284924      0.10975233145224442     -0.99069072820245208       7.4817778430424013
                       0                        0                        0                        1

0.5 0.5909417798 -0.07462169777
     0.99574137821315822    -0.024643305854940376     0.088835889091632175     0.039209491723729985
   -0.039942026712054546      -0.9837945403822016      0.17479398392480849      -1.7855478746375073
    0.083088761070884004     -0.17759788791174441     -0.98058923509948515        6.985414713258443
                       0                        0                        0                        1

0.5 -0.01032119477 -0.4329120439
     0.91431830779758871      0.39491369124573356     0.089806505849097093     0.083779592166138589
     0.37665059520109706     -0.91065515157203381      0.16982792482385095      -1.6994081735900983
     0.14885012986495419     -0.12145110696072617     -0.98137315403326619       6.4949120051348785
                       0                        0                        0                        1

0.5 -0.9611897166 0.4231859366
     0.98231462403907321    -0.084616304411238352      0.16702712482336371      0.15765675885512084
   -0.032200245985504958     -0.95511279936715676     -0.29448715531157982       -1.729676582056485
     0.18444815953933469      0.28390072474866668     -0.94094593624168121       6.0061591272026371
                       0                        0                        0                        1

0.5 0.9857085366 -0.1129891581
      0.9807828133977764       0.1111504250396526      0.16034542699137938      0.24353731874644366
    0.079404564809218522     -0.97811277858773515      0.19232864438465563      -1.7556905530074691
     0.17821332169902956     -0.17590047008716397     -0.96814205393222796       5.5194043567886677
                       0                        0                        0                        1

0.5 0.0007079802454 0.127922874
     0.98695241673898559     -0.01482382803830638       0.1603283543711686       0.3237039055117264
   -0.046021916135010846     -0.98018266036081658      0.19267572645056957       -1.659439490836897
     0.15429488108274478     -0.19754039194626336     -0.96807586645953458       5.0353495574236984
                       0                        0                        0                        1

0.5 0.8377926359 -0.5218689915
      0.8477879276778244       0.5281017144226986     0.048623131404170183      0.38548949686834805
     0.41392258022775141     -0.71622236753001345      0.56186619210209077      -1.4661620874965942
       0.331547473616285     -0.45621716262489442     -0.82579790098131745       4.5823321062404228
                       0                        0                        0                        1

0.5 -0.54717523 0.4895460375
       0.990852639091506     0.040977983401914816      0.12857625162412856      0.43537162874262886
   -0.003572788144529368     -0.94448162948481151      0.32854480174032619      -1.2409435590441924
     0.13490101107950658     -0.32599885957166808     -0.93569570949518577       4.1404664424583748
                       0                        0                        0                        1

0.5 0.2139327559 -0.1266496332
     0.97688907652057622      0.17902374506157109      0.11678283640546883      0.49732694337351563
     0.11330656662725413     -0.89700115407227465      0.42725934928583109      -1.0517808070267551
      0.1812439078532585     -0.40415272892452136     -0.89655519493723435       3.6820552301874292
                       0                        0                        0                        1

0.5 -0.1859017131 -0.4859041907
     0.78299950025501763       0.6026897401127338      0.15387286883411055      0.56334329917362513
     0.52794872253083214     -0.77473061735431559      0.34794053645970052     -0.85845632650270709
     0.32891021415951188     -0.19120028163328484      -0.9248029645956467        3.225887551685009
                       0                        0                        0                        1

0.5 0.2366486886 -0.003992107407
      0.7805565832482193      0.61975376873855981     0.081465860838874513      0.62226213000164521
      0.5309480270388417     -0.72613098239767904      0.43683863037252524     -0.66202187380445532
     0.32988727306676752     -0.29772313067098832     -0.89584335937262916       2.7702006710378795
                       0                        0                        0                        1

0.5 -0.7961809598 0.2910333595
     0.91668711258927293      0.29670913394409076      0.26767223884237723      0.71492687334438998
     0.28125052159418495     -0.95489164889693812     0.095289469354625511       -0.525179903683483
     0.28387124143833542    -0.012067671732153729     -0.95878646714647731       2.3017857022964137
                       0                        0                        0                        1

0.5 0.4892427074 0.03671110119
     0.92805009688555162      0.31918009593591584      0.19195594293759005      0.83006318924656708
     0.24678892443015374     -0.91297386815224357      0.32492144104342841     -0.41969949039970628
     0.27895921646242022     -0.25417077414500261      -0.9260555993682037       1.8281050159884771
                       0                        0                        0                        1

0.5 -0.4465440051 0.03367498061
     0.93746483824640969      0.23759569161773988      0.25437760195489389      0.94240620091089311
     0.21494948354493593     -0.96997002745357752      0.11381944194851729     -0.30948358326603009
     0.27378165858106657    -0.052023390569959416     -0.96038386609636783       1.3546129725479297
                       0                        0                        0                        1

0.5 0.540259731 -0.5734985761
     0.64202393177166917      0.75797751566311367      0.11521873450799178       1.0407020055721743
     0.69200337306303861     -0.63760042208384882      0.33852183596907781     -0.19263200872132683
     0.33005545397981978     -0.13760736719984604     -0.93387772743036446      0.88007777704796708
                       0                        0                        0                        1

0.5 0.09042528877 0.4143933683
      0.8938394902777419      0.43971799318783678     0.087744242471459274       1.0908414497837644
     0.37993671781113547     -0.84666382939737594      0.37257006112820357     -0.01525402603373413
     0.23811563593962071     -0.29968057404014942     -0.92384657679943649       0.4153404898081845
                       0                        0                        0                        1

0.5 -0.06878662063 -0.07810630222
     0.85692938226499016      0.50483324954821951      0.10399723054740238       1.1386834929915921
     0.44532815552915722     -0.82674129148485409      0.34377561118694072      0.16380383849418334
     0.25952816360453584     -0.24827852727237884     -0.93327536407617473    -0.049013666293593605
                       0                        0                        0                        1


16
                       0     -0.99999040995401534                        0                     -1.7
    -0.70709999999999995                        0      0.70710678118654724       1.1535500000000001
    -0.70709999999999995                       -0     -0.70710678118654768       5.3464499999999999
                       0                        0                        0                        1

0.5 0.8426018343 0.4826706361
     -0.4503174761380091     -0.80168433675978501      0.39306133729828607      -1.5982295105286966
    -0.55804311520906447      0.59636154353768289      0.57700190723871492       1.4851181489910559
    -0.69698138954804312     0.040483538590312007     -0.71593884915325401       4.9914041584154347
                       0                        0                        0                        1

0.5 0.9736808124 -0.05754593629
    -0.41067531539503344     -0.54836912415896388      0.72843524694671413      -1.3126961607536649
    -0.59801947606893036      0.76507343685404905      0.23880065423397545       1.6925048997199927
    -0.68825822890766319     -0.33755950498504994     -0.64214063952932832       4.6441847838960815
                       0                        0                        0                        1

0.5 0.9559052624 0.1981382002
    -0.47293286998950013     -0.06597449191395921      0.87861407164931582     -0.90128395341463419
    -0.43056614790941422       0.8873185309169771     -0.16513336115329616        1.713367127907756
    -0.76871920058649723     -0.45641135711991943     -0.44805119544713856       4.3692592990360613
                       0                        0                        0                        1

0.5 0.9924177397 -0.3506829591
    -0.49711930095908741      0.19964321646819097      0.84439079029332331     -0.46500690112283777
    -0.68333518893219047      0.50963480059340238     -0.52279613578442763       1.5335275265674488
    -0.53470220874890773     -0.83690690311789573     -0.11692216843974806       4.2201002347285232
                       0                        0                        0                        1

0.5 -0.7398009538 -0.5613824495
    -0.44109580907474888     -0.39165960230039332      0.80747635454085598    -0.042857250017826087
    -0.89695053928815394      0.22251605530671506     -0.38204285780711539       1.3117766993238738
   -0.030037385718294337     -0.89279455096222682      -0.4494508373908836       4.0793749120262275
                       0                        0                        0                        1

0.5 -0.707175964 -0.505054346
    -0.13123901328543278     -0.79624908911145109      0.59054595882204675       0.3126471843027615
    -0.92457463510259708     -0.11661260585426916     -0.36270325926406455        1.130618437134848
     0.35767953975924988     -0.59360920664783534      -0.7208910227076899       3.7823534202378299
                       0                        0                        0                        1

0.5 -0.3463405464 0.09499590035
    -0.21063991983674279     -0.86998292363780694      0.44580416860969863      0.57226708358180556
    -0.92844859664733026      0.03531732822639156     -0.36976519537478286       0.9464043705265317
     0.30595663153031472     -0.49179862087931836     -0.81517793525329441       3.3976010957037199
                       0                        0                        0                        1

0.5 -0.3199932165 -0.0009139422705
    -0.20981558102117287     -0.93008589699613309      0.30149372492582016      0.75949240601941004
    -0.92850732749437304     0.092930383241895662     -0.35948365284080769      0.76370791560918239
      0.3063445905354002     -0.35536870346384603     -0.88309483434573643       2.9721230015097579
                       0                        0                        0                        1

0.5 -0.7877341551 0.2753614136
    -0.46441477417845406     -0.88338637037239343     -0.06267581802468658       0.8184275244722552
    -0.85024062074254181      0.46455175325894299     -0.24753376614793005      0.60583122952572876
     0.24779464653054897    -0.061673858187890451     -0.96684257165632737       2.5048001307538739
                       0                        0                        0                        1

0.5 -0.9748617411 0.1524564695
    -0.58575441250028515     -0.67365696038859901     -0.45062055873699192      0.68582527300149154
     -0.7637883267677672      0.64481341070654763     0.028869833153006036      0.54748818581019942
     0.27112774020999264      0.36108663378261385     -0.89224245661824664       2.0314052100955355
                       0                        0                        0                        1

0.5 0.1030423762 -0.3080125985
    -0.35050865733734898      -0.8414158394414285      -0.4112710617933687      0.46999165043815566
    -0.92347613940092188      0.38363728850915096    0.0021588938172886485      0.55468378309117505
     0.15597273944989681      0.38055569381299764     -0.91150440396906651       1.5805103575872326
                       0                        0                        0                        1

0.5 -0.4778014175 -0.3299951929
   -0.077629010911973786     -0.78948672709932188     -0.60882285140985759      0.21444982402125712
    -0.99692747951177252     0.055354701812866225     0.055334144806908077      0.57233390716267529
  -0.0099749006085627229      0.61125309672182815     -0.79136626356310225       1.1524899060273159
                       0                        0                        0                        1

0.5 -0.3366749049 0.4583233213
     -0.3942465709266218     -0.56458946333669635     -0.72511323198641309     -0.12061794328392639
    -0.87200202766483281      0.47891313828285204        0.101217981250808      0.60848920264246165
     0.29013079268036474      0.67220690429021568     -0.68114052218556853      0.78393396747706912
                       0                        0                        0                        1

0.5 0.7382821324 -0.09452098272
    -0.32792533746703778     -0.82170169747359978     -0.46610311457459125     -0.42238624509076783
    -0.91407797164225957      0.40058662636192888    -0.063104885217708101      0.61680982059521916
     0.23857911948799462      0.40536094455135868     -0.88246978326556014      0.38891709914256817
                       0                        0                        0                        1

0.5 -0.2643543193 -0.007932732094
    -0.32165973077819338     -0.75567391123176031      -0.5705022151397785     -0.68190132404839021
    -0.91725075646172427      0.39816657255891064     -0.01023915363121302      0.59848714293940053
     0.23490342207024584      0.52000123339403703     -0.82122439659837743     -0.03763799822774444
                       0                        0                        0                        1


16
                       0      0.99999040995401534                        0                      1.7
     0.70709999999999995                       -0      0.70710678118654724     -0.74644999999999995
     0.70709999999999995                        0     -0.70710678118654779       6.1464499999999997
                       0                        0                        0                        1

0.5 0.6940733595 -0.3835640366
    -0.36668375116702417      0.86917003086598077     -0.33176392822986261       1.6151588839187716
     0.61021290292355701      0.49387934018020874      0.61944638222268011     -0.40763823247340231
     0.70225646382381501     0.024689793822037842     -0.71148906042095694       5.7921596528173174
                       0                        0                        0                        1

0.5 0.8238091525 -0.3915183868
    -0.63556190700738135      0.46717934458522248     -0.61464245082329128       1.3716206240790203
     0.33294891439128987      0.88414840161298058      0.32774538033490669     -0.16410589260224367
     0.69655449941215497    0.0036494982136123788     -0.71748792359974345        5.434552339983167
                       0                        0                        0                        1

0.5 0.7931351112 -0.5951289062
    -0.71316623998720774     -0.21759218199011185     -0.66635454262673843        1.039958813038798
    -0.24306034015279865      0.96838366650693175    -0.056081685846595675    -0.094786084322338565
      0.6574984279340621      0.12196067956941259     -0.74351316054472383       5.0712738708113161
                       0                        0                        0                        1

0.5 -0.3403117256 -0.01987977635
    -0.70984537621401678     -0.11568500902133139     -0.69477862701389603      0.69895266268859135
     -0.2622642728032879      0.95889585088753171      0.10828946560786998     -0.08166683947903576
     0.65370165903648647      0.25907767657120817     -0.71101568792496384       4.7066690469815793
                       0                        0                        0                        1

0.5 0.7425620663 -0.4320512875
    -0.54380814120204024     -0.63201598527966074     -0.55209539023013099       0.3792029570828333
    -0.63913947189140652      0.73825335221287314     -0.21557628212961699     -0.11192049792272002
      0.5438452737554561      0.23562899870566267     -0.80542020286482752       4.3271953449521847
                       0                        0                        0                        1

0.5 -0.4915493224 0.5399996931
    -0.75286063477451814     -0.11940637425317127      -0.6472432327916765     0.074087808248323117
    -0.15908735056712639      0.98725535394934549    0.0029139299723630052     -0.16765110487419971
     0.63865405540832176      0.10515353488956675     -0.76226907428462087       3.9366170792464326
                       0                        0                        0                        1

0.5 0.008502061479 -0.529400731
    -0.58878817252610061     -0.48589014720972518     -0.64592574862586605      -0.2492696562896235
    -0.63589151159940793      0.77177170115086835  -0.00091475598592713437     -0.16718965869046865
     0.49896256800541988      0.41019663566454223     -0.76339078185351927       3.5552564004584801
                       0                        0                        0                        1

0.5 0.8598773694 -0.1886922382
    -0.46442259469691871     -0.80798839061665773     -0.36255652547386863     -0.50718164119186249
    -0.76507650383431858        0.572247212921977     -0.29526510221102042     -0.24482212926451291
     0.44605435071473803      0.14025155122117711     -0.88394311388714775       3.1385692385103576
                       0                        0                        0                        1

0.5 0.8578118458 0.4364577817
    -0.78549242693583421     -0.61706524271340735    -0.047042039299926064     -0.60614779380362072
    -0.48677193515839229      0.66299477165932985     -0.56875427549561852     -0.45919500443986494
     0.38215545417069974     -0.42386385465958998     -0.82114983502446148        2.702151166430744
                       0                        0                        0                        1

0.5 0.04134907247 0.01036656433
    -0.79185153924573515     -0.60973056911270773     -0.03435975674611523     -0.62649192438483725
    -0.47993436155895663      0.65610548102531629     -0.58239077633796188     -0.74698720215487135
     0.37765330849611617     -0.44468716136990666     -0.81217099005979776       2.2938030219910441
                       0                        0                        0                        1

0.5 -0.605304447 0.001446083111
    -0.79271157745969256     -0.57064858321902168     -0.21435804027721442     -0.68916497144437971
    -0.47887302435995571      0.80055107558314398     -0.36026242091428196     -0.98447482094911987
     0.37719600948764387     -0.18294334065043685     -0.90787957050385026       1.8604846088171731
                       0                        0                        0                        1

0.5 -0.6169433389 0.393956439
    -0.93526078030607729     -0.13786990202402535     -0.32597543302701792     -0.82983418754535632
    -0.11865715334810503      0.98984549061059002    -0.078209939759617986      -1.0965361224700254
     0.33345244489463938    -0.034477195597430232     -0.94213120104236237       1.3960656725433414
                       0                        0                        0                        1

0.5 -0.3404978062 0.06231387597
    -0.94026976910348881    -0.022455922674322421     -0.33966058477090844     -0.99706235347401728
   -0.056669907330147373      0.99421890652764833     0.091146571554602707      -1.0933330052485106
     0.33565395720447605      0.10494237149092145     -0.93611640818801878      0.92551422685940521
                       0                        0                        0                        1

0.5 0.3111292524 -0.07026465111
    -0.93453222052492257     -0.14045986058597254     -0.32695775929762749      -1.1644821961331524
    -0.12654698156429098      0.98991737134560054    -0.063559966686444924      -1.0864642495273937
     0.33259319283885541    -0.018032985509756544     -0.94289288337056654      0.45496440762842766
                       0                        0                        0                        1

0.5 0.2530353614 0.5040879043
    -0.89629927033707124      0.28872152047666072     -0.33655359395923523      -1.3280873235256796
     0.36403317646087824       0.9124790741517963     -0.18668742772581709      -1.1494361691902837
     0.25319637090654357     -0.28985600950351198       -0.922965601479522    -0.012939640322196244
                       0                        0                        0                        1


13
                       0      0.99999040995401534                        0                      1.7
     0.70709999999999995                       -0      0.70710678118654724       1.1535500000000001
     0.70709999999999995                        0     -0.70710678118654768       4.8464499999999999
                       0                        0                        0                        1

0.5 0.7502953461 -0.5734213384
     -0.5295833119872877      0.77426255159311064     -0.34646765630445281       1.6098267744198471
     0.52220090910083006      0.61946392982847254      0.58614081940753049       1.4866214695520634
     0.66845250491297226      0.12947997239041162     -0.73239101266014395       4.4886154907762146
                       0                        0                        0                        1

0.5 0.9195717894 -0.4419626968
    -0.76503065979576046      0.25483945210957432      -0.5914099789663303       1.3653382733404695
     0.15974788139327237      0.96475921192198955       0.2090710104295242       1.6920847878852625
     0.62385221774079824     0.065460617604834459     -0.77878991259689645       4.1095853975107479
                       0                        0                        0                        1

0.5 0.4105860279 -0.5183002169
    -0.75959727032680535     -0.27525981511462394     -0.58925787317194944        1.065613245254301
    -0.34653116267640538      0.93799447816832726    0.0085394507941541076       1.7462572662996962
     0.55037866497096932      0.21067578443355811     -0.80789197854544814       3.7141635591183952
                       0                        0                        0                        1

0.5 0.2030649069 0.3096862102
    -0.81641924251659714     -0.08845116180448212     -0.57062845392081818      0.77643336358192638
   -0.044558591386313517        0.994897582315725     -0.09046404056857428       1.7260172757430556
     0.57572446721073278     -0.04844018897355136     -0.81620174953691749       3.3070419866282124
                       0                        0                        0                        1

0.5 0.1984717394 -0.5826846363
    -0.61719862220066124      -0.5753262012317496     -0.53669958350072355       0.4975763891833247
    -0.58121253593928268      0.79316401298223704      -0.1818605140676271       1.6570971057251085
     0.53033057382633342      0.19968677580206468     -0.82393269387420742       2.8980403621975346
                       0                        0                        0                        1

0.5 0.5519065373 0.3382968548
    -0.79560170896346738     -0.46258166744065077     -0.39117379979011574      0.26690852268601123
    -0.29695162007855097      0.86060020534734427     -0.41373594464202929        1.508975850257408
     0.52803882723690787     -0.21301962705104799      -0.8220632855329959       2.4817809046756443
                       0                        0                        0                        1

0.5 -0.9893805976 0.1764894738
    -0.84474435041043217    -0.081447113178735125     -0.52891792388281522     0.028993250828701828
    -0.12978327530626355      0.99002052009283625      0.05482774157202025        1.416568829287802
     0.51918026037604526      0.11495173355876509      -0.8468933617567781       2.0577502783500723
                       0                        0                        0                        1

0.5 0.7292209524 -0.5647972918
    -0.61995426916657781     -0.68434873605114455     -0.38380246430596998     -0.20841593146755094
    -0.63327187403880059      0.72522188255426279     -0.27020430162348658       1.3586712100554996
     0.46326643378692889     0.075530764955280105      -0.8829890853638066       1.6246762190653257
                       0                        0                        0                        1

0.5 -0.2049673148 0.3224711887
     -0.7982409331704351     -0.41083374029739173     -0.44046324528210989     -0.41565254432643861
     -0.3668100494035505      0.91160453173137768     -0.18552082196718508       1.2439425240071182
     0.47775460302712364     0.013467417577822452     -0.87838464123081095       1.1845983144552008
                       0                        0                        0                        1

0.5 0.6179077877 -0.2943526428
      -0.627162117629252     -0.73388055153947618     -0.26089813008702556      -0.5951641713263065
    -0.60311364997143879      0.66953868536937411     -0.43354617287202357       1.0860501441106969
     0.49286300591507548     -0.11456003186766464     -0.86252679175712355      0.74771732506747912
                       0                        0                        0                        1

0.5 -0.9153932119 -0.4348699313
    -0.29655781186758756     -0.73575030081730108     -0.60885612345410434     -0.81256683814549224
    -0.86188820840623692      0.48078836195875463     -0.16118832840905137      0.94099026050834533
     0.41133750961388971      0.47696421877590989     -0.77672195616715345      0.32654870136363073
                       0                        0                        0                        1

0.5 0.2566885613 -0.4513184596
    0.070414162778644027     -0.86052568142240482     -0.50449798541985147      -1.0915750852730626
    -0.98023905245925758     0.034021004674097903     -0.19484450537477732      0.84958407104682099
     0.18484340221982368      0.50825298779826233     -0.84113151590577095    -0.077746727182540332
                       0                        0                        0                        1


12
                       0                        1                        0                     -1.7
                       1                       -0                        0     -0.29999999999999999
                       0                        0                       -1       5.4000000000000004
                       0                        0                        0                        1

0.5 -0.5113742095 0.3788604408
     0.36580618806122439       0.8973503132746864      0.24687698969717375      -1.6371833340948323
     0.92947313614799443     -0.36580618806122439     -0.04759749946507582     -0.30798857412246589
    0.047597499465075813      0.24687698969717381     -0.96787717712669186       4.9053913662362572
                       0                        0                        0                        1

0.5 0.6201098184 0.08112607937
     0.43924976149940714      0.89772830497262512    -0.033816230920835605      -1.5839132527629147
     0.89667608833039325      -0.4358062134454081     0.077749192528797501     -0.30135652993893836
     0.05506032727126281    -0.064473519939217794     -0.99639928020218316       4.4102930260226598
                       0                        0                        0                        1

0.5 -0.5572211924 -0.3103098858
     0.14639643907115177      0.96232615332923266      0.22912105369399946      -1.5358391316533075
     0.98878818716519301     -0.14924270688290631   -0.0049533185677908126     -0.28649389541359332
    0.029427938253599781      0.22727733952337839     -0.97338533345706268       3.9144501445548174
                       0                        0                        0                        1

0.5 0.2507937178 0.3015376312
     0.42914033279738184      0.89632441956873254      0.11153972230253677      -1.4510194026031609
     0.89993407565823458     -0.43485035019529544     0.031997381208274535     -0.28122780154272964
    0.077183121443170313     0.086647030069146203     -0.99324471201435816       3.4220565488462391
                       0                        0                        0                        1

0.5 0.1016579992 -0.3453255141
    0.099565810407016106      0.99303271721290143     0.063029135665624098      -1.4071719549264172
     0.99367449300076105     -0.10253683988978539     0.045795179059556233     -0.26107442974590617
    0.051938919488900143     0.058070810311016303     -0.99696044536989903       2.9244446153907178
                       0                        0                        0                        1

0.5 -0.2714088177 0.3299663556
     0.41356640501537012      0.88996322354348478      0.19216734733755267      -1.3427888029617083
     0.90601640708776698     -0.42313038107365836    0.0097442649919968413     -0.24537296298125832
    0.089983880392192211      0.17007686895209939     -0.98131379278853204       2.4292413866384743
                       0                        0                        0                        1

0.5 0.6046377793 -0.3085441805
      0.1192282656625379      0.98819228817335447    -0.096232126973336024      -1.3175637783609739
     0.98964121435975594     -0.11047492416974827     0.091681830098640282     -0.21606573424790923
    0.079968040539023191     -0.10616634459374269      -0.9911275496967844       1.9326404500696368
                       0                        0                        0                        1

0.5 0.3194052987 -0.3832361589
    -0.25442374292040471      0.93369928964902571     -0.25194085724089366      -1.4049706819703254
     0.95637141309175389      0.28159925746395514     0.077817597088516849     -0.17107438097553693
      0.1436045934476102     -0.22115038933868889     -0.96460884613199205       1.4429390081913409
                       0                        0                        0                        1

0.5 -0.7145313919 -0.1886382194
    -0.42971189426357481        0.899411555291732     0.080040877906966873       -1.447433873237842
      0.8904853598547664      0.40741730066390275      0.20260051086822628     -0.10284790525977339
     0.14961120216326537      0.15833507927003046     -0.97598488249553106      0.95212610097635397
                       0                        0                        0                        1

0.5 0.3911793721 0.3800947785
   -0.064665719930527846      0.99206673668309964     -0.10780507702706828      -1.4536175134335136
     0.98473472030399112     0.080933576174970809      0.15410154728409006    -0.016341231237141721
     0.16160406954556245    -0.096194314876066236     -0.98215618844043195      0.46051018324814758
                       0                        0                        0                        1

0.5 0.04072376201 -0.5863079746
    -0.60210212131839935      0.78833904572847913     -0.12646969788765472      -1.5123600517879872
     0.77460871628236205      0.61516656075109066      0.14680408438822773     0.059341047617552004
     0.19353132088443653   -0.0095734797010170632     -0.98104738739937514    -0.030216795542951647
                       0                        0                        0                        1


15
     0.70709999999999995     -0.70709999999999995                        0      -1.6000000000000001
    -0.70709999999999995     -0.70709999999999995                        0      -1.6000000000000001
                       0                       -0                       -1       6.2999999999999998
                       0                        0                        0                        1

0.5 0.6771811564 0.594924476
     0.19819744698952779      -0.9363821145481227      0.28963274600987227      -1.5308520590121557
    -0.97535615521361896     -0.15922340632403154      0.15267317172797173      -1.5540412511459669
   -0.096845972480484072     -0.31276051317907227     -0.94488185452482509       5.8093322812383485
                       0                        0                        0                        1

0.5 0.08899988141 -0.1315045199
     0.31838364920603585     -0.88854533812031322      0.33030267032360777      -1.3757794791855573
    -0.94651065973741255     -0.27877143509314478      0.16243422662590556      -1.4754861344687868
   -0.052252227596142051     -0.36435838862403719     -0.92979173439568508       5.3405681823286821
                       0                        0                        0                        1

0.5 0.5397816384 -0.2705327298
     0.52953417637088895     -0.65341036687088716      0.54095218690828539      -1.1553151081739665
    -0.84455707011563008     -0.46575864623078689      0.26414590433880847      -1.3709489927914473
    0.079359008094298855     -0.59675072362257819     -0.79849278123863987       4.9058773142236722
                       0                        0                        0                        1

0.5 -0.8914397038 -0.4598591284
     0.80935580848982869     -0.52169669745971858      0.26973422312231371     -0.95510653306063165
    -0.53227026044556924     -0.84568548109305286    -0.038539031041490646      -1.3074426952212088
     0.24822076234031989      -0.1123818720497029     -0.96216254758631869        4.456655851509451
                       0                        0                        0                        1

0.5 -0.8602961609 -0.1817501205
     0.89799261263388508     -0.43588437699535032     0.059957464475611955     -0.87422723016401482
    -0.37693896863643206     -0.83242449527009832      -0.4061616594382394      -1.4188564106238357
      0.2269539369639319      0.34213642706583752     -0.91183034374339345       3.9799816105963117
                       0                        0                        0                        1

0.5 0.5811342271 -0.136402401
     0.94697215226791254     -0.27610112058307251      0.16429465615731034     -0.81622637985294655
    -0.25387746351953566     -0.95644505328181095     -0.14401358814236945      -1.5579043196445415
      0.1969049008635915     0.094667962675496209     -0.97584139943884862       3.5050624255569001
                       0                        0                        0                        1

0.5 0.2319273511 0.5976424666
     0.63352852237023494      -0.7402339017460523      0.22511375357627961     -0.72113085950327416
      -0.751711127285979     -0.65777115505341299    -0.047416333621874723      -1.6043096678618676
     0.18317602466784488     -0.13918358323384938      -0.9731775142002983       3.0166707268011961
                       0                        0                        0                        1

0.5 -0.007872450165 0.2152301193
     0.46072331494890134     -0.85933202484693627      0.22195341433498983     -0.60934451921366373
    -0.87482841365354302     -0.48186010483091285    -0.049667957847757224      -1.6286096140982933
     0.14963463227860987     -0.17129125254752969     -0.97379093424797514       2.5299338847195392
                       0                        0                        0                        1

0.5 0.959943301 -0.02743717019
     0.48179953123526509     -0.64728881454160125       0.5906498305009551      -0.4019366686161423
    -0.86146718256487165     -0.47325958670037527      0.18406650146056361      -1.5948373117636092
     0.16038958341251058     -0.59752005991864132     -0.78564938714899102       2.0815167144314382
                       0                        0                        0                        1

0.5 -0.09892468574 -0.2331435535
      0.6216431933587675     -0.54666295812315857      0.56098143495729991     -0.11423643179058013
    -0.72781277048005921     -0.66784984800678027      0.15571118021343444      -1.5094914740735068
       0.289535384971218      -0.5050959354137351     -0.81304818853379957       1.6816516601989655
                       0                        0                        0                        1

0.5 -0.5323249521 -0.5301163142
     0.84835257505128281     -0.28342831034059485      0.44715447140930209      0.13486098067378316
    -0.28420545024275501       -0.956408311962201    -0.067016586468766515      -1.4840987568672723
     0.44666521809344117    -0.070231391211100225     -0.89194043222296637       1.2505532909637058
                       0                        0                        0                        1

0.5 0.8282267558 -0.0670036098
     0.85880143652710894    -0.023873883636267162      0.51173328042945887      0.37907464944191133
    -0.22044084472867961     -0.91891592483413376      0.32707824302685462      -1.4184345165355587
     0.46244010234142674     -0.39370973293455169      -0.7944443328132279      0.82335913070897981
                       0                        0                        0                        1

0.5 -0.2606909578 -0.1482376897
      0.8578401300978401     0.036801540723217063      0.51257855768078819      0.63482286280219546
   -0.079541907684702318     -0.97589418624126578      0.20318573321563518      -1.2855588688793416
     0.50770972034036299     -0.21507647729876334     -0.83424993184576579      0.41521476570737031
                       0                        0                        0                        1

0.5 -0.03529607831 0.1867349182
     0.84891729412821693      -0.1320880666261226      0.51173527373535455       0.8910255839705945
     -0.2596598389762434     -0.94757633187856061      0.18616305564317154      -1.1882425069930771
     0.46032714455653351     -0.29091971607998246     -0.83872798855193242   -0.0029739114781216491
