1
22
                       0                        0                        1                     -0.5
                       0                       -1                        0                        0
                       1                        0                        0                      8.5
                       0                        0                        0                        1

0.5 0.07471427973 -0.6070233247
   -0.010993129713032247     0.035096456944176457      0.99932346605544997  -0.00011416442566702933
     0.57028905461910118     -0.82069399467256821     0.035096456944176471    0.0090549483574265972
     0.82137052861711823      0.57028905461910129    -0.010993129713032249       8.4981449203693593
                       0                        0                        0                        1

0.5 0.8381188777 -0.2275008149
    -0.06513949504602834      0.43186037409904099      0.89958516187639792      0.48156720751760024
     0.73388023968885907     -0.59011208431326501      0.33643353242754576      0.10597893259285231
     0.67614838606578886      0.68210288463727387     -0.27849419166319922       8.4277328887263963
                       0                        0                        0                        1

0.5 0.9212709316 -0.5253072381
    -0.36984276103764502      0.68065658694261622      0.63239461000207786      0.86937663792226694
     0.88298034591843921     0.045725411811747635      0.46717758447553842      0.31918588478347004
     0.28907099617534121      0.73117425923392187     -0.61791760114429573       8.2045795269901518
                       0                        0                        0                        1

0.5 0.8415994216 0.1988062897
     -0.2062001030268463      0.93577355985180233      0.28602335952506253       1.1034704093110541
     0.89380078331545199     0.061156750960744022      0.44427470280965708      0.54732050101085661
     0.39824826083286469       0.3472573922815908     -0.84900566915032294       7.8310929459265601
                       0                        0                        0                        1

0.5 0.3899976863 -0.4586128708
    -0.60910097044556188      0.78475280763035649      0.11471285332754655       1.2024223170579607
     0.75537693398993444       0.5299610696058229      0.38541789306961044      0.75856852243878381
     0.24166442725035092      0.32140985613158257     -0.91558397156308668       7.3897346513233035
                       0                        0                        0                        1

0.5 0.716621568 -0.6045428455
    -0.95054404863173192      0.29796279943914156    -0.087659464755297886       1.2018575447693298
     0.28821988443181285      0.95139339567150039      0.10853527026162352      0.88840104048624047
     0.11573810880132643     0.077902354412695995     -0.99022013378240836       6.9096178717358718
                       0                        0                        0                        1

0.5 0.1377129341 0.168797507
    -0.88753053498913137      0.44658494984738095     -0.11336415673270839       1.1520282756075308
     0.44445896545593533      0.89467817537102567     0.044801680109245914      0.92657247080841743
     0.12143219296276064     -0.01062285670543351     -0.99254288442750449       6.4136729958396028
                       0                        0                        0                        1

0.5 0.3038075692 0.3060487241
    -0.71494435809369228      0.67025628082792787     -0.19902533215827564       1.0753493539382502
     0.69339526239635318        0.716240643481596    -0.078755004357572267      0.91695254717808872
    0.089763995656888071     -0.19430866845249983     -0.97682473681204796       5.9201662150841488
                       0                        0                        0                        1

0.5 0.3232798669 0.5684973156
    -0.25237939235960788      0.90941969917073984     -0.33054568984089938      0.94457681986496267
     0.96494159861221362      0.21109985256330166     -0.15596334029334408       0.8548508660372931
   -0.072057987620388272     -0.35831921942306377     -0.93081415084438113       5.4421453976241718
                       0                        0                        0                        1

0.5 0.9416645952 0.461533779
     0.12888166273288662      0.68244158821647904     -0.71948800940931323      0.67758293738773367
      0.9400202767238891     -0.31515267152986304     -0.13053992866373379      0.77282544062512637
    -0.31583444454199311     -0.65950911464524853     -0.68212633092462505       5.0329582736236587
                       0                        0                        0                        1

0.5 -0.05443122564 -0.5106858129
    -0.22597224778932631      0.67685180215273355      -0.7005770344163702      0.32257304296230893
     0.97322210044082491      0.18797070117981604     -0.13230932964654121      0.70654008970757076
    0.042134148176839303     -0.71171528957903207     -0.70120329444237961       4.6871853279172733
                       0                        0                        0                        1

0.4894350404 -0.7810663423 -0.1705643773
    -0.35734600620639689      0.84104702681944188     -0.40613265139177668     0.049174182601784633
     0.92388720784765643      0.38204706033463087    -0.021736394943224532      0.66580752391184894
     0.13688045522936526     -0.38298817523240092     -0.91355558047026197       4.2868850547883595
                       0                        0                        0                        1

0.5 -0.6166521464 0.3139421367
   -0.065075935664788115      0.99074843769286935      -0.1190909560230779    -0.084061156331413645
     0.99623063470850193     0.071363584708166339     0.049312891274955806      0.67670591364838795
    0.057355427516909745     -0.11543297616685988     -0.99165799696650125       3.8071332565773011
                       0                        0                        0                        1

0.5 -0.7871980034 -0.08049152285
    -0.14434811007400802      0.95239011818026353      0.26854550063377658     -0.04606674660362689
     0.98822638746805713      0.12483844380387471     0.088453208310721718      0.71026808490056514
    0.050717159126818137      0.27815180341175266     -0.95919723937722778       3.3129472432426157
                       0                        0                        0                        1

0.5 0.5684307837 0.110658133
   -0.035517469536158593      0.99930877793534578    -0.010976142269200073     0.018882081557126271
     0.99720403584267781      0.03616094327928239     0.065394931609626228      0.74767834185286886
    0.065746636848002457   -0.0086227908775660111     -0.99779909161146196       2.8202968104865271
                       0                        0                        0                        1

0.5 0.1472194698 0.005840687265
    -0.02968787498205569      0.99598568776455998    -0.084446076564906908   -0.0049836662355038641
     0.99741209860913937     0.035052669020201342     0.062772732477345411      0.77971685840840654
    0.065480803501193341    -0.082363949411842788     -0.99444881427357601       2.3220086439956802
                       0                        0                        0                        1

0.5 0.01022313023 0.1704560327
     0.13965577378182978      0.98614485113971251    -0.089524283968273777    -0.048478353305256953
     0.98893044866596003     -0.13432853496136907     0.063027076693078429      0.81113071807642612
    0.050128161254342725    -0.097335385476022648     -0.99398842557823197       1.8248961438415578
                       0                        0                        0                        1

0.5 -0.6144920359 -0.02804032722
     0.11200348805712544      0.97050803271352359      0.21346985056809101     -0.01729146210024686
     0.99252124046407797     -0.11975292496030356     0.023681726945045278      0.83262102653506143
    0.048546945225062019      0.20922092486646132     -0.97666258180977572        1.328302643286732
                       0                        0                        0                        1

0.5 0.421994396 -0.3671193101
    -0.24931744262114519      0.96840441576851044    0.0058051980932272429     0.037508750509428257
     0.96838831843812734      0.24925448150319357    0.0098116340713379005      0.84424824979258373
   0.0080546581198373268    0.0080678975343004833     -0.99993501364436088      0.83237949027826952
                       0                        0                        0                        1

0.5 0.002234936226 0.264207769
    0.012228341272997783      0.99991418990501757    0.0046989888596370103     0.040136266089414556
     0.99987783842818756    -0.012273379543430881    0.0096784489851335382      0.84910857932217476
   0.0097352909502510156    0.0045800634465880622     -0.99994212188953147      0.33241004380789968
                       0                        0                        0                        1

0.3341676417 -0.314334427 -0.04266339096
   -0.030340657767873234       0.9935228558592506      0.10950698320879387     0.059236935510521616
     0.99951300757377171     0.029357815565334008     0.010576689277119111      0.85237108405454132
   0.0072932967199789058      0.10977455784702587     -0.99392975318804289   -0.0010414568393415369
                       0                        0                        0                        1
