6
21
   1    0    0 -1.6
   0   -1    0 -0.3
   0    0   -1 8.75
   0    0    0    1
0.496829 -0.975564 -0.0285034

  0.999602  0.0273975 0.00677322   -1.59887
 0.0273976  -0.884431  -0.465865  -0.418056
-0.00677311   0.465865   -0.88483     8.2724
         0          0          0          1
0.496829 -0.622569 -0.141521

 0.986032  0.162521 0.0364417  -1.58987
 0.139797 -0.688621 -0.711518 -0.713047
-0.0905423  0.706674 -0.701722   7.87518
        0         0         0         1
0.496829 -0.231097 -0.00308676

 0.985533  0.160312 0.0549963  -1.56714
 0.141792  -0.60214 -0.785699  -1.08539
-0.0928415   0.78213  -0.61616   7.54744
        0         0         0         1
0.496829 0.166169 -0.000293109

 0.985485  0.164595 0.0415656  -1.54314
 0.141973 -0.664839 -0.733371  -1.46296
-0.0930748  0.728627 -0.678557   7.22564
        0         0         0         1
0.496829 0.54952 -0.000983065

   0.985319    0.170662 -0.00448083    -1.53386
   0.142718    -0.83782   -0.526962    -1.77801
 -0.0936865    0.518587   -0.849877     6.84357
          0           0           0           1
0.496829 0.868305 -0.0236086

  0.981166    0.17565 -0.0803707   -1.55487
  0.164488  -0.977893  -0.129109   -1.94352
 -0.101272   0.113458  -0.988368    6.37968
         0          0          0          1
0.496829 0.788962 -5.09739e-07

 0.981166  0.131625 -0.141376  -1.61067
 0.164489 -0.953046  0.254256  -1.91202
-0.101272 -0.272722 -0.956748    5.8902
        0         0         0         1
0.496829 0.516668 -2.52708e-09

 0.981166 0.0914193 -0.170162  -1.68849
 0.164489 -0.857268  0.487889  -1.72664
-0.101272  -0.50669  -0.85616   5.43736
        0         0         0         1
0.496829 0.366385 -2.72637e-09

 0.981166 0.0591051   -0.1839  -1.77669
 0.164489 -0.754783  0.635016  -1.44693
-0.101272 -0.653306  -0.75029   5.03718
        0         0         0         1
0.496829 0.172789 -1.35324e-08

 0.981166 0.0431197  -0.18829   -1.8692
 0.164489 -0.697557  0.697393  -1.11574
-0.101272  -0.71523 -0.691512   4.67879
        0         0         0         1
0.496829 -0.060525 -0.000210804

 0.981157  0.048968 -0.186906  -1.96241
 0.164638 -0.718174  0.676107 -0.774511
-0.101123 -0.694139 -0.712703   4.32995
        0         0         0         1
0.496829 -0.341963 -1.04639e-09

 0.981157 0.0798652 -0.175935  -2.05277
 0.164638 -0.822151  0.544942 -0.470454
-0.101123 -0.563639 -0.819808   3.94832
        0         0         0         1
0.496829 -0.473822 -1.93508e-10

 0.981157  0.118698 -0.152455  -2.13472
 0.164638 -0.926578  0.338152 -0.250063
-0.101124  -0.35688 -0.928661   3.51195
        0         0         0         1
0.496829 -0.347634 -3.81628e-11

 0.981157  0.143132 -0.129788  -2.20501
 0.164638 -0.970907   0.17388 -0.122552
-0.101124 -0.191972 -0.976177   3.03757
        0         0         0         1
0.496829 -0.249974 -1.27009e-11

  0.981157   0.158107  -0.111057   -2.26492
  0.164638  -0.984968  0.0522701 -0.0663008
 -0.101124 -0.0695694  -0.992438    2.54791
         0          0          0          1
0.496829 -0.17411 -6.56994e-12

  0.981157   0.167111 -0.0969826   -2.31663
  0.164638  -0.985801 -0.0330198 -0.0615149
 -0.101123  0.0164306  -0.994738    2.05396
         0          0          0          1
0.496829 -0.120177 -3.01129e-12

  0.981157     0.1726 -0.0868381   -2.36231
  0.164638  -0.982074 -0.0917835  -0.092526
 -0.101123  0.0757572  -0.991985    1.56028
         0          0          0          1
0.496829 -0.0825256 -1.11206e-12

  0.981157   0.176014 -0.0796904   -2.40368
  0.164638  -0.977487  -0.131959  -0.148114
 -0.101123   0.116353  -0.988047    1.06834
         0          0          0          1
0.496829 -0.0481674 -2.55845e-13

  0.981157    0.17787 -0.0754559   -2.44222
  0.164637   -0.97405   -0.15531  -0.219478
 -0.101123   0.139961   -0.98498   0.578193
         0          0          0          1
0.496829 -0.0176029 -1.7231e-14

  0.981157   0.178523 -0.0738976   -2.47933
  0.164637  -0.972654  -0.163823  -0.298754
 -0.101123   0.148569  -0.983718  0.0891372
         0          0          0          1

20
   1    0    0 -1.6
   0   -1    0  0.3
   0    0   -1 8.75
   0    0    0    1
0.50528 0.986205 0.0535568

  0.998596 -0.0513437  0.0130671   -1.59778
-0.0513437  -0.877019   0.477705   0.423278
 -0.013067  -0.477705  -0.878423    8.26537
         0          0          0          1
0.50528 0.601644 0.0182467

  0.997544 -0.0630105  0.0305833    -1.5869
-0.0657762  -0.692751   0.718171   0.727766
-0.0240657  -0.718419  -0.695194    7.86473
         0          0          0          1
0.50528 0.19954 3.88499e-09

 0.997544 -0.059607 0.0367754  -1.56987
-0.0657772 -0.616952  0.784247   1.10766
-0.0240579  -0.78474 -0.619358   7.53233
        0         0         0         1
0.50528 -0.204066 3.92581e-09

  0.997544 -0.0630738  0.0304478   -1.55288
 -0.065778  -0.694395   0.716581    1.48717
-0.0240547  -0.716824  -0.696839    7.19951
         0          0          0          1
0.50528 -0.604474 0.0312854

  0.994973 -0.0999986 0.00535102   -1.54335
-0.0905292  -0.875339   0.474959    1.79052
-0.0428112  -0.473055  -0.879992    6.79799
         0          0          0          1
0.50528 -0.777957 0.128539

  0.974247  -0.217892 -0.0580229   -1.55472
 -0.210959  -0.971656   0.106683    1.93909
-0.0796237  -0.091695  -0.992599    6.31857
         0          0          0          1
0.50528 -0.584142 0.0343561

 0.966591 -0.224448 -0.123798  -1.60056
-0.244266 -0.952959 -0.179451   1.92046
-0.0776968  0.203696 -0.975946   5.81755
        0         0         0         1
0.50528 -0.351719 1.21692e-09

  0.96659 -0.199025 -0.161534  -1.67284
-0.244267 -0.906226 -0.345093   1.78759
-0.0777043   0.37302 -0.924564   5.33614
        0         0         0         1
0.50528 -0.226649 9.05206e-10

  0.96659 -0.179265 -0.183213  -1.76003
-0.244266 -0.860856 -0.446387   1.58741
-0.0776984  0.476226 -0.875883   4.88078
        0         0         0         1
0.50528 -0.104356 8.49978e-10

 0.966591 -0.169364 -0.192399  -1.85494
-0.244266 -0.836134 -0.491136    1.3505
-0.0776903  0.521724 -0.849569   4.44476
        0         0         0         1
0.50528 0.0791166 8.34242e-10

 0.966591 -0.176917 -0.185481  -1.95042
-0.244267 -0.855094 -0.457328   1.11085
-0.0776945  0.487356  -0.86974   4.01033
        0         0         0         1
0.50528 0.204045 6.89322e-10

 0.966589 -0.195062   -0.1663  -2.03938
-0.244268 -0.897619 -0.366896   0.90243
-0.0777066   0.39526 -0.915277   3.55896
        0         0         0         1
0.50528 0.312857 4.36518e-10

 0.966588 -0.218807 -0.133532  -2.11529
-0.244269 -0.944184 -0.221017  0.753584
-0.0777188   0.24625 -0.966085   3.08264
        0         0         0         1
0.50528 0.279082 2.57398e-10

  0.966587  -0.235403  -0.101465   -2.17476
  -0.24427  -0.965875 -0.0861242   0.675856
-0.0777285   0.108031  -0.991104    2.58735
         0          0          0          1
0.50528 0.228049 7.24884e-11

   0.966588   -0.245507  -0.0737223    -2.21906
  -0.244269   -0.969372   0.0254978    0.660522
 -0.0777242 -0.00663775   -0.996953     2.08453
          0           0           0           1
0.50528 0.181079 3.57504e-11

  0.966588  -0.251214 -0.0509746   -2.25059
 -0.244269  -0.962988   0.113962   0.695779
-0.0777167 -0.0977025  -0.992177    1.58165
         0          0          0          1
0.50528 0.137075 1.43278e-11

  0.966587  -0.254143 -0.0334782   -2.27193
  -0.24427  -0.952792   0.180333   0.770158
-0.0777282   -0.16613  -0.983036    1.08243
         0          0          0          1
0.50528 0.0954779 3.31165e-12

  0.966585  -0.255471 -0.0211868   -2.28575
 -0.244277  -0.942982   0.226082   0.872851
 -0.077736  -0.213352  -0.973878   0.587943
         0          0          0          1
0.50528 0.0213353 1.14964e-13

  0.966585  -0.255682 -0.0184295   -2.29576
 -0.244275  -0.940489   0.236241    0.98965
-0.0777354  -0.223845   -0.97152  0.0964526
         0          0          0          1

20
   1    0    0  1.6
   0   -1    0  0.3
   0    0   -1 8.75
   0    0    0    1
0.479267 0.641845 0.0179825

   0.99984 -0.0176996 0.00274404    1.60044
-0.0176996    -0.9529   0.302769   0.373133
-0.00274409  -0.302769   -0.95306    8.27826
         0          0          0          1
0.479267 0.513459 -4.89292e-11

   0.99984 -0.0165017 0.00696411    1.60278
-0.0176981  -0.850435   0.525782   0.572689
-0.00275377  -0.525821  -0.850591    7.84385
         0          0          0          1
0.479267 0.315929 -9.8145e-10

   0.99984 -0.0152594 0.00937842     1.6067
 -0.017699  -0.761398   0.648043   0.854517
-0.00274804  -0.648105  -0.761546    7.45678
         0          0          0          1
0.479267 -0.0254769 -0.115025

   0.99499   0.099482 0.00990019    1.61127
 0.0702555  -0.766237   0.638705    1.16287
 0.0711255   -0.63481  -0.769388    7.08991
         0          0          0          1
0.479267 -0.312367 -1.16233e-09

  0.99499 0.0968961 0.0246361   1.61956
0.0702537 -0.852929  0.517279    1.4404
0.0711351 -0.512956 -0.855462   6.69981
        0         0         0         1
0.479267 -0.402924 -3.20022e-10

 0.994989 0.0903684 0.0427812   1.63577
0.0702523 -0.936346  0.343978   1.64744
0.0711428 -0.339249 -0.938002   6.26869
        0         0         0         1
0.479267 -0.383953 -1.29938e-10

 0.994989 0.0810146  0.058595   1.66013
0.0702522 -0.983478  0.166839   1.77019
0.0711433 -0.161887 -0.984241   5.80675
        0         0         0         1
0.479267 -0.297978 -5.46389e-11

  0.994989  0.0718473  0.0695372    1.69088
  0.070249  -0.997212  0.0251671    1.81628
 0.0711515 -0.0201561  -0.997262    5.33111
         0          0          0          1
0.479267 -0.17832 -1.87688e-11

 0.994989 0.0656513 0.0754088   1.72564
0.0702503 -0.995721 -0.060046   1.80792
 0.071144 0.0650426 -0.995343   4.85332
        0         0         0         1
0.479267 -0.0770239 -4.77383e-12

   0.99499  0.0628264    0.07777    1.76235
 0.0702522  -0.992826 -0.0967544    1.77034
 0.0711333   0.101733  -0.992265    4.37696
         0          0          0          1
0.479267 -0.0280124 -1.0861e-12

  0.99499  0.061779 0.0785984   1.79982
0.0702537 -0.991437 -0.110075   1.72077
0.0711251  0.115045 -0.990811   3.90173
        0         0         0         1
0.479267 0.00412244 -4.90209e-13

  0.99499 0.0619318 0.0784842   1.83746
0.0702522 -0.991653 -0.108115   1.66849
0.0711334  0.113087 -0.991035   3.42682
        0         0         0         1
0.479267 0.0138783 -4.17606e-13

  0.99499 0.0624553 0.0780604   1.87498
 0.070254  -0.99235 -0.101518   1.61825
 0.071123  0.106493 -0.991766   2.95166
        0         0         0         1
0.479267 0.0136262 -3.32641e-13

  0.994991  0.0629666  0.0776406    1.91229
 0.0702558  -0.992992 -0.0950354    1.57115
 0.0711124   0.100014  -0.992442    2.47617
         0          0          0          1
0.479267 0.00835745 -2.62332e-13

  0.994991  0.0632765    0.07739    1.94944
 0.0702554  -0.993364 -0.0910572    1.52655
 0.0711147  0.0960381  -0.992834    2.00043
         0          0          0          1
0.479267 0.00642672 -2.05697e-13

  0.994991  0.0635138  0.0771977    1.98649
 0.0702549   -0.99364 -0.0879969    1.48365
 0.0711177  0.0929796  -0.993125    1.52453
         0          0          0          1
0.479267 0.00454654 -1.52063e-13

  0.994991  0.0636818  0.0770601    2.02345
 0.0702549   -0.99383 -0.0858316    1.44199
 0.0711187  0.0908154  -0.993325    1.04851
         0          0          0          1
0.479267 0.00270698 -1.00127e-13

  0.994991  0.0637818  0.0769768    2.06036
  0.070255   -0.99394 -0.0845422    1.40116
 0.0711181  0.0895267  -0.993442   0.572413
         0          0          0          1
0.479267 0.000898247 -4.96114e-14

  0.994991   0.063815  0.0769488    2.09725
  0.070255  -0.993976 -0.0841143    1.36075
 0.0711175   0.089099  -0.993481  0.0962807
         0          0          0          1

21
   1    0    0  1.6
   0   -1    0 -0.3
   0    0   -1 8.75
   0    0    0    1
0.45666 -0.652506 -6.12777e-11

           1  3.21652e-07 -7.90622e-09          1.6
 3.05157e-07    -0.955933    -0.293584    -0.367534
 -1.0199e-07     0.293584    -0.955933      8.30007
           0            0            0            1
0.45666 -0.505957 2.66827e-10

           1 -2.04091e-06  7.40427e-06          1.6
 1.97496e-06    -0.863299    -0.504692     -0.55062
 7.42213e-06     0.504692    -0.863299      7.88282
           0            0            0            1
0.45666 -0.340366 1.39251e-09

           1 -3.41676e-06   7.4222e-06          1.6
 2.04552e-06    -0.774763    -0.632252    -0.810741
 7.91069e-06     0.632252    -0.774763      7.50805
           0            0            0            1
0.45666 -0.0318051 0.118764

    0.992955    -0.118485 -0.000855752      1.59987
  -0.0912494    -0.760063    -0.643411     -1.10202
   0.0755841     0.638957     -0.76552      7.15635
           0            0            0            1
0.45666 0.244007 2.95042e-09

 0.992955 -0.117846 0.0123238    1.6025
-0.0912506 -0.826895 -0.554904  -1.37592
0.0755837   0.54987 -0.831823   6.79125
        0         0         0         1
0.45666 0.353952 7.18084e-10

 0.992955 -0.114328 0.0311277   1.61244
-0.0912517 -0.905419 -0.414596  -1.59778
0.0755834  0.408835 -0.909473   6.39278
        0         0         0         1
0.45666 0.405925 3.07488e-10

 0.992955 -0.106631 0.0516662    1.6314
-0.0912514 -0.966321 -0.240616  -1.74781
0.0755834  0.234206 -0.969244   5.96259
        0         0         0         1
0.45666 0.349179 1.47936e-10

  0.992955 -0.0970744  0.0679422    1.65877
-0.0912507  -0.992268 -0.0841297   -1.82211
 0.0755837  0.0773373  -0.994136    5.51333
         0          0          0          1
0.45666 0.25067 6.88034e-11

  0.992955 -0.0886791  0.0785851    1.69226
-0.0912511  -0.995383  0.0297586   -1.83454
 0.0755833   -0.03672  -0.996463    5.05832
         0          0          0          1
0.45666 0.151887 2.71092e-11

  0.992955 -0.0830216  0.0845409    1.72952
 -0.091253  -0.990927  0.0986711   -1.80521
 0.0755821  -0.105691  -0.991522    4.60423
         0          0          0          1
0.45666 0.083706 7.34169e-12

  0.992955 -0.0797302   0.087652    1.76884
 -0.091253  -0.986433   0.136468   -1.75151
 0.0755821  -0.143505  -0.986759    4.15247
         0          0          0          1
0.45666 0.036376 5.36704e-13

  0.992955 -0.0782621  0.0889644    1.80917
-0.0912519   -0.98403   0.152835   -1.68545
 0.0755825  -0.159876  -0.984239    3.70242
         0          0          0          1
0.45666 -0.00583052 -3.38826e-13

  0.992955 -0.0784975  0.0887558    1.84975
-0.0912508  -0.984433   0.150214   -1.61625
 0.0755827  -0.157255  -0.984661    3.25285
         0          0          0          1
0.45666 -0.0167061 -2.26113e-14

  0.992956 -0.0791711  0.0881546    1.89014
-0.0912496  -0.985551     0.1427   -1.54937
 0.0755831  -0.149739  -0.985832    2.80291
         0          0          0          1
0.45666 -0.0123455 2.23372e-14

  0.992956 -0.0796662  0.0877071     1.9303
 -0.091249   -0.98634   0.137142   -1.48547
 0.0755834  -0.144179  -0.986661    2.35253
         0          0          0          1
0.45666 -0.0100154 1.1437e-14

  0.992955 -0.0800708  0.0873401    1.97027
-0.0912529  -0.986957   0.132626   -1.42388
 0.0755814  -0.139662   -0.98731    1.90181
         0          0          0          1
0.45666 -0.00775676 2.85449e-15

  0.992955 -0.0803795   0.087057    2.01009
-0.0912528   -0.98742    0.12913   -1.36411
 0.0755824  -0.136164  -0.987799    1.45083
         0          0          0          1
0.45666 -0.0055171 6.91287e-16

  0.992955 -0.0805974  0.0868551     2.0498
-0.0912518  -0.987742   0.126642   -1.30571
 0.0755835  -0.133675  -0.988139   0.999666
         0          0          0          1
0.45666 -0.00330049 -2.51535e-17

 0.992955 -0.080727 0.0867346   2.08943
-0.0912507 -0.987932  0.125153  -1.24822
0.0755846 -0.132186 -0.988339  0.548376
        0         0         0         1
0.45666 -0.00109834 -6.50521e-17

  0.992956 -0.0807611  0.0866955    2.12903
-0.0912418  -0.987995    0.12466   -1.19118
  0.075587  -0.131692  -0.988405  0.0970257
         0          0          0          1

22
   1    0    0    0
   0   -1    0 -0.3
   0    0   -1 8.75
   0    0    0    1
0.481926 -0.815942 -1.43677e-10

           1 -5.55517e-11  3.81885e-11   2.1843e-09
-3.66795e-11    -0.923679    -0.383168    -0.393538
 5.65597e-11     0.383168    -0.923679       8.2804
           0            0            0            1
0.481926 -0.619747 -1.08602e-09

          1 3.52447e-09 3.45548e-09 2.88001e-09
4.91857e-09   -0.770038   -0.637998   -0.641446
4.12249e-10    0.637998   -0.770038     7.86921
          0           0           0           1
0.481926 -0.280596 -0.2

  0.980097   0.198062  0.0134571 0.00216598
   0.14393  -0.662267  -0.735314  -0.972949
 -0.136726   0.722616  -0.677593    7.51993
         0          0          0          1
0.481926 0.084045 -0.2

  0.921171   0.389156 0.00152345  0.0060868
  0.275565  -0.649516  -0.708656   -1.32087
 -0.274788   0.653213  -0.705553    7.18653
         0          0          0          1
0.481926 0.338023 -0.2

  0.825853   0.558725 -0.0761136  -0.010776
  0.410033  -0.687688  -0.599131   -1.63625
 -0.387092   0.463585  -0.797025    6.82322
         0          0          0          1
0.481926 0.457782 -0.0221138

  0.813582   0.546506  -0.198532 -0.0770655
  0.426471  -0.792959  -0.435131    -1.8864
  -0.39523   0.269346  -0.878206    6.41783
         0          0          0          1
0.481926 0.498258 -5.58846e-09

 0.813584  0.483607 -0.322807 -0.203296
 0.426468 -0.873693 -0.234063  -2.04843
-0.395229 0.0527629 -0.917066   5.98315
        0         0         0         1
0.481926 0.497875 -3.76831e-09

  0.813585    0.39304  -0.428484  -0.385203
  0.426467  -0.904288 -0.0197293   -2.10988
 -0.395227  -0.166683  -0.903334    5.54238
         0          0          0          1
0.481926 0.466838 -3.85188e-09

 0.813586  0.287545 -0.505367  -0.61118
 0.426467   -0.8859  0.182504  -2.07049
-0.395226 -0.364005 -0.843384   5.11971
        0         0         0         1
0.481926 0.405973 -6.55003e-09

 0.813585  0.183814 -0.551626 -0.866692
 0.426467 -0.833519  0.351244  -1.94146
-0.395227 -0.521017 -0.756529   4.73295
        0         0         0         1
0.481926 0.309356 -0.065547

 0.802542  0.152598  -0.57675  -1.13876
 0.478229 -0.742524  0.468993  -1.74327
-0.356683 -0.652206 -0.668883   4.38867
        0         0         0         1
0.481926 0.126346 -0.2

 0.759751  0.273754 -0.589778  -1.41955
  0.61328 -0.603056  0.510109    -1.507
-0.216025 -0.749254  -0.62606    4.0764
        0         0         0         1
0.481926 -0.184639 -0.199684

 0.685219  0.469806 -0.556558  -1.69648
 0.725076 -0.512244  0.460295   -1.2735
-0.0688439 -0.718949 -0.691645   3.75876
        0         0         0         1
0.481926 -0.478566 -2.58603e-10

 0.685223  0.584592 -0.434421  -1.93633
 0.725073 -0.603902  0.331017  -1.08197
-0.0688377 -0.541807 -0.837679    3.3886
        0         0         0         1
0.481926 -0.516181 -8.2673e-11

 0.685219  0.673555 -0.277125  -2.10868
 0.725076 -0.666808   0.17214 -0.960101
-0.0688438  -0.31889 -0.945288   2.95675
        0         0         0         1
0.481926 -0.3668 -4.44969e-11

  0.68522  0.711791 -0.154361  -2.21292
 0.725076 -0.686688 0.0521984 -0.905902
-0.0688435 -0.147691 -0.986635   2.49001
        0         0         0         1
0.481926 -0.24029 -2.2025e-11

  0.685224   0.724856 -0.0710805   -2.26731
  0.725072  -0.688124 -0.0274887  -0.899943
-0.0688375 -0.0327026  -0.997092    2.01146
         0          0          0          1
0.481926 -0.161672 -9.78888e-12

  0.685227   0.728187 -0.0144428   -2.28792
   0.72507    -0.6839 -0.0809618   -0.92609
-0.0688327  0.0450051  -0.996613     1.5308
         0          0          0          1
0.481926 -0.114571 -3.49492e-12

 0.685226  0.727874 0.0257653   -2.2852
  0.72507 -0.678389 -0.118581 -0.974184
-0.0688329 0.0999363  -0.99261   1.05135
        0         0         0         1
0.481926 -0.0647618 -7.45078e-13

 0.685225  0.726717 0.0484684  -2.26731
 0.725072 -0.674357 -0.139693  -1.03642
-0.0688319  0.130864 -0.989008  0.573818
        0         0         0         1
0.481926 -0.0167445 -4.3964e-14

 0.685225  0.726302 0.0543315  -2.24254
 0.725072 -0.673208  -0.14513  -1.10506
-0.0688318  0.138841  -0.98792 0.0974494
        0         0         0         1

22
   1    0    0    0
   0   -1    0  0.3
   0    0   -1 8.75
   0    0    0    1
0.500151 0.831719 -5.47468e-10

          1 3.32493e-07  -7.561e-08   -6.12e-07
3.34691e-07    -0.91472    0.404088    0.402535
6.51947e-08   -0.404088    -0.91472     8.26415
          0           0           0           1
0.500151 0.506711 -0.0338591

     0.99943    0.0334934  -0.00426789 -0.000716007
    0.028913    -0.783688     0.620481     0.660139
   0.0174373    -0.620251     -0.78421        7.837
           0            0            0            1
0.500151 0.171241 -0.00673506

   0.999183    0.039724 -0.00739703 -0.00359647
  0.0339966    -0.72752    0.685244    0.986876
  0.0218392   -0.684936   -0.728276     7.45853
          0           0           0           1
0.500151 -0.137208 -0.116883

   0.987711    0.156291 -0.00065293 -0.00592421
   0.121273   -0.763761    0.634005      1.3169
  0.0985907   -0.626292   -0.773329     7.08285
          0           0           0           1
0.500151 -0.411185 -0.17835

  0.944556   0.324656  0.0491173 0.00473372
  0.265448  -0.843061   0.467745    1.59309
  0.193265  -0.428773  -0.882498    6.66706
         0          0          0          1
0.500151 -0.651031 -0.0953149

 0.910708   0.37877  0.164756 0.0574726
 0.350263 -0.919586  0.177983    1.7556
 0.218922 -0.104383 -0.970143   6.19934
        0         0         0         1
0.500151 -0.778134 -0.114602

 0.866213   0.38718  0.315859  0.177533
 0.454426 -0.873273 -0.175761   1.75543
  0.20778  0.295781 -0.932385   5.71705
        0         0         0         1
0.500151 -0.671938 -2.51369e-08

 0.866206  0.261354  0.425888  0.364793
 0.454432 -0.766458  -0.45391   1.59645
 0.207794  0.586717 -0.782678   5.28407
        0         0         0         1
0.500151 -0.456063 -5.30262e-10

 0.866204  0.158278   0.47396  0.590805
 0.454434 -0.643963 -0.615469   1.32786
 0.207798  0.748505  -0.62973   4.92932
        0         0         0         1
0.500151 -0.239129 -4.79313e-10

 0.866199  0.100592  0.489469  0.832027
 0.454439 -0.565928 -0.687903   1.00152
 0.207807  0.818295 -0.535919   4.63747
        0         0         0         1
0.500151 -0.0627855 -4.68256e-10

 0.866197 0.0851671  0.492392   1.07758
 0.454441 -0.544048 -0.705333  0.653071
 0.207814  0.834721 -0.509956   4.37589
        0         0         0         1
0.500151 0.120215 -4.61768e-10

 0.866197  0.114602  0.486384   1.32242
 0.454441 -0.585448 -0.671367  0.308689
 0.207813  0.802569 -0.559193   4.10844
        0         0         0         1
0.500151 0.30168 -4.1046e-10

   0.866198    0.186413    0.463628     1.56044
   0.454441   -0.679712   -0.575739 -0.00377001
   0.207808    0.709396   -0.673479      3.7996
          0           0           0           1
0.500151 0.442416 -2.93275e-10

 0.866196  0.283619  0.411417   1.78017
 0.454441 -0.789499 -0.412522  -0.25193
 0.207814   0.54429 -0.812749   3.42639
        0         0         0         1
0.500151 0.451223 -1.72889e-10

 0.866195  0.368488  0.337526   1.96827
 0.454442 -0.861788 -0.225396 -0.412145
  0.20782  0.348623 -0.913933   2.99274
        0         0         0         1
0.500151 0.365765 -9.48245e-11

  0.866194   0.423741   0.264862    2.11933
  0.454443  -0.888412 -0.0648587  -0.484937
  0.207823   0.176545  -0.962103    2.52228
         0          0          0          1
0.500151 0.279108 -4.87741e-11

 0.866194  0.456473  0.203324   2.23661
 0.454443 -0.888794 0.0593888 -0.486308
 0.207823 0.0409571 -0.977309   2.03649
        0         0         0         1
0.500151 0.210009 -2.19777e-11

  0.866195   0.475274   0.154341    2.32613
  0.454442   -0.87767   0.152245  -0.433333
  0.207819 -0.0617347  -0.976217    1.54751
         0          0          0          1
0.500151 0.14125 -7.80486e-12

 0.866197  0.484981  0.120402   2.39487
 0.454441 -0.864734  0.213817 -0.341749
 0.207813 -0.130492 -0.969425   1.06074
        0         0         0         1
0.500151 0.084422 -1.77184e-12

 0.866198  0.489629 0.0998175   2.44995
 0.454441 -0.854938  0.250128 -0.225707
 0.207808 -0.171299 -0.963054  0.577389
        0         0         0         1
0.500151 0.0289904 -1.19344e-13

  0.866199   0.491024  0.0927061     2.4981
   0.45444  -0.851222   0.262497 -0.0975088
  0.207806  -0.185245  -0.960469  0.0963521
         0          0          0          1
