1
37
                       1                        0                        0                        0
                       0                       -1                        0                        0
                       0                        0                       -1                      8.5
                       0                        0                        0                        1

0.25 -0.1000424906 -0.3607323554
     0.93564194503227127      0.35292242785505845    0.0044621310065051075   0.00037347251465674649
     0.35292242785505845     -0.93533257252048241    -0.024469137686226994    -0.003092411132673431
  -0.0044621310065051066     0.024469137686226994     -0.99969062748821114       8.2500258939349322
                       0                        0                        0                        1

0.25 -0.4339541217 -0.2916594532
     0.79495683514414739      0.60400183226204218      0.05679275377806995     0.007461931048952564
      0.6060655568547777     -0.78651845787227326     -0.11863075579515353    -0.021316788253303385
   -0.026984644743056334      0.12872646212149572     -0.99131293086379846       8.0009144278770101
                       0                        0                        0                        1

0.25 -0.3939089631 -0.5563599037
      0.3582298344031048      0.92395346920386112      0.13409464004826332     0.030662920296653358
     0.92624456618908046     -0.33367611196274299     -0.17530332544087426    -0.058992584900368614
    -0.11722793757772124      0.18700331294278252     -0.97533961859431184       7.7549626568642216
                       0                        0                        0                        1

0.25 -0.1700122911 -0.4867002867
    -0.11401340278072791      0.97788471420647938      0.17533519243914178     0.069293703223236608
     0.97294534667626709      0.14560072933736634     -0.17938166014792481     -0.10375429638636219
    -0.20094351536528382      0.15013964612232975      -0.9680288168721547       7.5120743750902808
                       0                        0                        0                        1

0.25 -0.1661372348 0.1991235757
    0.080896497063228018      0.97303844846897136      0.21599058906349355      0.11821362227020574
     0.98325527567274429    -0.042404948615761558     -0.17723115751642041     -0.14816810534539082
    -0.16329366069941212      0.22671126600588332     -0.96017559969069988       7.2709825200075953
                       0                        0                        0                        1

0.25 -0.4565098087 -0.215966604
    -0.12639235454855058      0.93704519787029827      0.32553228696995029      0.18598964654091776
      0.9673326958486419      0.18912513686066296     -0.16881687756155883     -0.19197515667331433
    -0.21975538276427331      0.29356086209787591     -0.93033842874003647       7.0345091628733121
                       0                        0                        0                        1

0.25 -0.3848779103 0.09909253486
    -0.03476301839348394      0.90938285545475683       0.4145049514265492      0.27854977014915877
     0.98207584420986505      0.10796489861036641     -0.15450118733373625     -0.23222717145495481
    -0.18525271596296572      0.40170437248429963     -0.89683612123695156       6.8058954936658287
                       0                        0                        0                        1

0.25 -0.4590991975 0.1931091873
     0.13544505976277088      0.84601459875008111      0.51566843464342238      0.39497309348090648
     0.98622044737538106    -0.065220594554730948     -0.15203783484590436     -0.27013008946400424
   -0.094994025941437493      0.52915552793830445     -0.84319070339263813       6.5880871301918029
                       0                        0                        0                        1

0.25 -0.0224147134 0.5751458896
     0.57303871824755892      0.63348039546020452      0.51993193396518411      0.52444808939411947
     0.79231207050104169     -0.59037956636716116     -0.15392709493287701     -0.30831405617010921
     0.20944739274468549      0.50015453230347218      -0.8402245137394817       6.3776636325381615
                       0                        0                        0                        1

0.25 0.3419628034 -0.2365023814
     0.40362300127036177      0.79163781185854332      0.45869166951376167      0.64705802444244931
     0.90997729438076225     -0.39941557136375316     -0.11139355934538608     -0.34113866129851766
    0.095025241683316733      0.46236000712430064     -0.88158574583249916       6.1623699648572794
                       0                        0                        0                        1

0.25 -0.2087623131 -0.2608686634
     0.18898812775440682      0.84418500237301253      0.50163250426618045      0.76704134389929302
     0.98141280403865494     -0.14502454934176159     -0.12568527422575645     -0.37105044262798792
   -0.033352595654140844       0.5160615872710298     -0.85590188836480341       5.9451255516617252
                       0                        0                        0                        1

0.25 0.4466189381 0.1526483295
     0.31915158966809776      0.85613171668640398      0.40642434289288837       0.8805762561084689
     0.94693872910084209     -0.30530801810130492     -0.10046918638037769     -0.39969281449501326
    0.038069753626833902      0.41692385128059462     -0.90814381905739394       5.7243890923591545
                       0                        0                        0                        1

0.25 0.424505685 -0.5287129666
    -0.16654028861331921      0.93638907748991285      0.30893337117602149      0.97017428277448381
     0.97422355038591868       0.2046091764983862    -0.094992414255598789     -0.42299260213340845
    -0.15216046182253584      0.28515010161359111     -0.94632796292179344       5.4922873502719707
                       0                        0                        0                        1

0.25 0.4536529299 -0.398757424
    -0.52316226157503654      0.82658530799627672      0.20750416060501661       1.0344687863462212
     0.82071723486109394      0.55425517510924194     -0.13865215925683561     -0.45136966257140526
    -0.22961809263568997     0.097764663704853288     -0.96835819925532962       5.2525075567757451
                       0                        0                        0                        1

0.25 0.1465256311 -0.2343202502
    -0.70162851815328509      0.68953583570924726      0.17960443699077885       1.0827526729669383
     0.67022466461722774      0.72422161984317346       -0.162178741795755     -0.48884369281285411
    -0.24190147054689315       0.0065860932637909     -0.97027846617492819       5.0101083249569207
                       0                        0                        0                        1

0.25 0.2878378024 -0.1115348509
    -0.77467212583554823      0.61833043682522826      0.13247855807244577       1.1216562680461013
     0.58617287208103996      0.78074928852610759     -0.21640682175532516     -0.53608211961280738
    -0.23724346458795614    -0.089988995780031986     -0.96727323913608021       4.7677695382132548
                       0                        0                        0                        1

0.25 0.4107947935 0.4937447281
    -0.38642217148489072      0.92087060150114786     0.051722728812537505       1.1453314911316546
     0.88021032731051696      0.38495015670111582     -0.27756649032564895     -0.59867922959440967
     -0.2755134934641385    -0.061730965865600604     -0.95931308902385259       4.5270069646778923
                       0                        0                        0                        1

0.25 0.1058823044 -0.2250666867
    -0.58231816028117933      0.81245482754520404     0.028682981107878969       1.1553223655515215
     0.77293554188145253       0.5642378007564951     -0.29018330808972892     -0.66954899784834632
    -0.25194485170998721     -0.14680891456572387     -0.95654113048047573       4.2874782290673714
                       0                        0                        0                        1

0.25 0.2720123318 -0.2869313598
    -0.78855314651033903      0.61463493116720891    -0.020194962681905657       1.1561027032945839
     0.58459687151290318      0.73901434169918356      -0.3348198031482727     -0.74742641583666003
    -0.19086757960944883     -0.27582912129070486     -0.94206574234605744       4.0499693176005751
                       0                        0                        0                        1

0.25 0.4351762302 0.2531936176
    -0.61005382607642478      0.78641332245274786    -0.096893836534348562       1.1418564401715456
     0.74614878194060119      0.52901301786430877     -0.40423659178586657     -0.84028504575034901
     -0.2666389403258117     -0.31890329756671798     -0.90950775824233698       3.8184248767647464
                       0                        0                        0                        1

0.25 0.1290619907 -0.4259347053
    -0.87976332560898152      0.46070744731927621     -0.11732492871500469       1.1148594870167179
     0.46368905313616493      0.77706405775484011     -0.42563354208434856     -0.94385156383260038
    -0.10492355748406294     -0.42885906557998577     -0.89725745968186288       3.5925050867421917
                       0                        0                        0                        1

0.25 -0.1901747694 -0.2131307705
    -0.95786558448972603      0.26928242752266535     -0.09990243379245399       1.0878958228189286
     0.28674828328998808      0.87672896034046899     -0.38616285700538905       -1.045424909711111
   -0.016399514639158182     -0.39853896212016771     -0.91700477184787832       3.3656922520378112
                       0                        0                        0                        1

0.25 0.2231212232 0.09711254136
    -0.92752779331038815      0.35486097036137332     -0.11732810554571285       1.0608414761402096
     0.36931624454310702      0.82195264730332696     -0.43358892641259666      -1.1479575509380546
   -0.057425640208337188     -0.44549695543879653     -0.89343984606767191        3.139332093987321
                       0                        0                        0                        1

0.25 -0.4810104378 -0.5986199911
    -0.97000426701096321     -0.21738285178594932     -0.10879530196626958       1.0340186588374964
    -0.17198175768890323      0.92999671318431731     -0.32485133290260887      -1.2430349590365726
     0.17179638239136213     -0.29639637179927575     -0.93948666503653278       2.9098404022281699
                       0                        0                        0                        1

0.25 0.273642619 -0.06219173065
    -0.95439826820084273     -0.28412693456073246     -0.09162876574719063        1.008870511685255
    -0.22871457956879238      0.89315255947718097     -0.38725720986449147      -1.3321010454623943
     0.19186867057417883     -0.34864077580868513     -0.91740722838639954       2.6776541950676891
                       0                        0                        0                        1

0.25 -0.4137603611 -0.1430730305
    -0.90489161911660543      -0.4061218090825599     -0.12742148107770815      0.98175226669264748
    -0.35636117483842578      0.88656599641396605     -0.29497024777134345      -1.4173652762318552
     0.23276140298663087     -0.22150803640053313     -0.94697218496092872       2.4443326546740889
                       0                        0                        0                        1

0.25 -0.4939587485 0.4440565525
    -0.98783491074852958     0.039187816814457675     -0.15048755470058403      0.94586391142824966
    0.065995296301586084      0.98190272560650504     -0.17751523402959374      -1.4766721072623037
     0.14080770565743445     -0.18528721612629451     -0.97254400289532261       2.2042996142122777
                       0                        0                        0                        1

0.25 -0.1563672178 0.4371557087
    -0.87709849487335989      0.45927556189526608     -0.14058516471048627      0.90913659327981589
     0.47687784666930694      0.86762349113541282      -0.1407728559987414      -1.5163647478833431
    0.057321458869535914     -0.19051361073630715     -0.98000959917609121       1.9602346841234541
                       0                        0                        0                        1

0.25 -0.4879141371 0.5688636664
    -0.48762446383486646      0.87118605491170542     -0.05707223490576073       0.8833767101941048
     0.87280071749918864      0.48486766585040503    -0.055877134372481263       -1.539967798315484
   -0.021006898930111026    -0.077059745264040455     -0.99680514939339138       1.7128428896794334
                       0                        0                        0                        1

0.25 -0.3790381013 0.2353755627
    -0.27069341725596224      0.96218984668913499     0.030261737931395367      0.87984554925032488
     0.96227800252344464      0.27134266315140704    -0.019854596782369609      -1.5490122798732797
   -0.027315191995997669     0.023745696078252013     -0.99934479645614871        1.463124926838586
                       0                        0                        0                        1

0.25 -0.3609021629 -0.5497443207
    -0.73212349827420264      0.67287494197150988      0.10599290420391808       0.8974240383556259
     0.67853907554135562      0.73407841311871291     0.026713411549142616      -1.5490292645494457
   -0.059832317673865529     0.091477843546666632     -0.99400799690033959       1.2138278481683054
                       0                        0                        0                        1

0.25 -0.2729651907 -0.4618338115
    -0.95340437570353409      0.26792771125311343       0.1386897181914461      0.92858717923827128
     0.28105333953039247      0.95588069858755376     0.085446535369101739      -1.5353257575135275
    -0.10967733005579873      0.12044430916584321     -0.98664281868434767      0.96620516440822057
                       0                        0                        0                        1

0.25 -0.3783406232 -0.5152238062
    -0.95824124112182296     -0.24958324642857202      0.13957767341334537      0.96439506544370801
    -0.22364618408779274      0.95826035296383816      0.17809963582385019      -1.5023871968670059
    -0.17820243588760648       0.1394464020324441     -0.97406293061789884      0.72107932929188301
                       0                        0                        0                        1

0.25 0.4206000643 0.4492623766
    -0.96819382557529754       0.2060657588450707      0.14190707927892429       1.0005823755116523
     0.21805548636463443        0.973071860229759      0.07471920566546196      -1.4707522795038914
    -0.12268871579796031      0.10328629076794152     -0.98705593618358201      0.47585997518745726
                       0                        0                        0                        1

0.25 -0.3101890683 0.5642359296
    -0.71113343213509017      0.68035015806964283      0.17723685879178297       1.0397049542989214
     0.70251956153792694      0.69749536196995576      0.14130281556627941      -1.4433018885825586
   -0.027486494071188732      0.22499751653076272     -0.97397156539534746      0.23053383339499076
                       0                        0                        0                        1

0.2382614386 0.4103760448 0.5380093556
    -0.25814164613756296       0.9614337170463052     0.094911001764356906       1.0726745508029905
     0.96381461277976543      0.24951960615308189      0.09381555487977547      -1.4161661198384099
    0.066515281864987397      0.11569431218402722     -0.99105526758434925   -0.0037744897098787034
                       0                        0                        0                        1
