2
19
                       1                        0                        0                        0
                       0                       -1                        0                    -0.75
                       0                        0                       -1                     8.75
                       0                        0                        0                        1

0.5 -0.1275920533 -0.8144386377
     0.68638438626958309      0.72682390585590573     0.024565914631725222     0.004187621638739235
     0.72682390585590584     -0.68446010656132872    -0.056933051933126838     -0.76508150123007446
   -0.024565914631725222     0.056933051933126831     -0.99807572029174563       8.2503280217922299
                       0                        0                        0                        1

0.5 -0.2179159627 -0.05887877418
     0.64258967320396876      0.75889723561333355      0.10561012105881305     0.036585983104223181
     0.76558050982128767     -0.63034485166840593     -0.12865399704988945       -0.811724005010238
   -0.031064366618267166      0.16352478024316683      -0.9860500247822267       7.7538125442876362
                       0                        0                        0                        1

0.5 -0.1686242293 -0.8479037538
     -0.1395929673518144      0.97307910284373622      0.18338719441319976      0.10807362481995039
     0.97440706707510205      0.16794305795426542     -0.14941886400006005     -0.88408114241137092
    -0.17619498034851486      0.15783595564319192     -0.97161882444000991       7.2644155629412399
                       0                        0                        0                        1

0.5 -0.3856539971 0.5586008913
     0.38444075881209822      0.84823588811475736      0.36428173311071588      0.24599979129389812
      0.9230187111225272     -0.34654679734004024     -0.16715793780455246     -0.95906743477064382
   -0.015548693890078125      0.40050118023238102     -0.91616430990886266        6.790508652831206
                       0                        0                        0                        1

0.5 0.3849480229 -0.09170169878
     0.30243106983297274      0.93360251930284188      0.19215042011681982      0.38579296790504652
     0.95216079233583206     -0.28662813874789617      -0.1059912053725135       -1.026873823432503
   -0.043877939082013234      0.21501312989978988     -0.97562496915188224        6.316072636997105
                       0                        0                        0                        1

0.5 0.4554767567 0.3145489123
     0.58079108983449501      0.81399852651394411   -0.0093866288936455822      0.43034611871228601
     0.81398752175172673     -0.58085186852968496   -0.0059515760985508204      -1.0576584795108865
   -0.010296815106724796   -0.0041839764222312559     -0.99993823306240071       5.8200966066460218
                       0                        0                        0                        1

0.5 0.08276256779 -0.5875122478
    0.032468982579627992      0.99831910675169389    -0.048007564661659174      0.41631723226956213
     0.99945730145875544    -0.032163998883999255    0.0071119432346999972       -1.056416813941722
   0.0055558735611331619    -0.048212428587343203     -0.99882165274821844       5.3203302778995436
                       0                        0                        0                        1

0.5 -0.3039452839 0.3235808004
     0.34815509461118183      0.93206035790521258      0.10025726566132551      0.42980011713174809
     0.93732793390058899     -0.34774899289948991    -0.022067674708597926      -1.0581531321135438
     0.01429595837755086      0.10165690905687355      -0.9947167930698011       4.8209946372648327
                       0                        0                        0                        1

0.5 -0.3301492676 -0.1847414563
     0.17333107590342511      0.95088346200518847      0.25647023182269735      0.51885239149018303
     0.98466805364122745     -0.16212823425922282    -0.064368158233586034      -1.0810401182729334
   -0.019625551318582742      0.26369504610631939     -0.96440642905075424       4.3300981738449522
                       0                        0                        0                        1

0.5 -0.3464964882 -0.3413496326
      -0.145867479047254       0.8964377087802422      0.41847594056675252      0.68798292411182516
     0.98011911097459881      0.18845466325590302    -0.062059392516093687      -1.1151839529365828
    -0.13449612209562553      0.40110381969501807     -0.90610513681763483        3.861475941880546
                       0                        0                        0                        1

0.5 0.2880493239 0.5319124081
     0.34293547956986692      0.89472250339942927      0.28612392203876136      0.86412254429362312
      0.9378664285744398     -0.34328458447229659    -0.050618733851293035       -1.146560734385311
    0.052932211414321535      0.28570498066071748     -0.95685466243335426       3.3950399499540027
                       0                        0                        0                        1

0.5 0.3531787025 -0.8651743838
    -0.47510644850782591      0.87182338804457671      0.11915470047276949      0.96527147975559502
     0.87258416884063317      0.48426037527061866    -0.063943390834874186      -1.1690316554808013
    -0.11344924360692026     0.073592587950381289     -0.99081451348059246       2.9065412908304396
                       0                        0                        0                        1

0.5 0.1223896791 0.5823278502
    0.084407081015337698      0.99460164699791054     0.060357339765046564       1.0104643515739713
     0.99386531793699995    -0.079690760760862664    -0.076688411454024344      -1.2056358445658604
   -0.071464498014447722      0.06646011163395707     -0.99522654661395815       2.4100127347505711
                       0                        0                        0                        1

0.5 0.2351809756 -0.5085149423
    -0.41114204481457295      0.90995647983569683    -0.054234894585663655       1.0115783398337024
      0.9092057558921649      0.40506527663077257    -0.096265337066844481      -1.2464883152155437
   -0.065628594669160142    -0.088889405853916692     -0.99387703519534487       1.9119722098498169
                       0                        0                        0                        1

0.5 0.1716382361 0.0596689334
    -0.35635221490022073      0.92483206949973651     -0.13303661962234511      0.96481366305262206
     0.93146824552667873      0.34045558234902229     -0.12828446524361189      -1.3028568389964488
   -0.073348527668645885     -0.16963383999727735     -0.98277380602894571       1.4175207212844931
                       0                        0                        0                        1

0.5 0.1084664552 0.6123435867
     0.23755350418195095      0.95347117749656474     -0.18563686685082009      0.88521041905074649
     0.95579228359589186     -0.26352768248627845      -0.1304387641077695      -1.3689111524643751
    -0.17329005531024219     -0.14644409939196812     -0.97392231850586941      0.92839942547100562
                       0                        0                        0                        1

0.5 -0.1932441767 -0.5447874203
    -0.29491015173412161      0.95116269539917397    -0.091200489500519996       0.8160104214944548
     0.95054405492698546      0.28230070855939898     -0.12950795184013256      -1.4361065872125274
   -0.097437169740926241     -0.12488329282909891     -0.98737539017591425      0.43798775008025342
                       0                        0                        0                        1

0.4430365902 -0.4211352919 -0.8906512926
    -0.92784445974358631      0.37066363677245667      0.04138993715564275      0.80903149202717795
     0.37066061481461565      0.92873366109170874   -0.0080309015959343227      -1.4710895534445387
   -0.041416991059026805    0.0078901920007151127     -0.99911079351681897   -0.0029827587295128688
                       0                        0                        0                        1

19
                       1                        0                        0                        0
                       0                       -1                        0                     0.75
                       0                        0                       -1                     8.75
                       0                        0                        0                        1

0.5 0.08155882312 -0.3652983377
     0.93402639193912973      0.35712806981301237   -0.0073648430263993005   -0.0012330285945767773
     0.35712806981301226     -0.93320423116305895     0.039867338649525866      0.76008058655851918
   0.0073648430263993014    -0.039867338649525866     -0.99917783922392944       8.2501376468911296
                       0                        0                        0                        1

0.5 -0.02594703529 -0.3207109286
     0.77380896275472455      0.63341843065325432  -0.00088366805193778458     -0.00344476585373124
     0.63317736992433882     -0.77347443403207405     0.028700489794774117      0.77713605099085847
    0.017495924558440762    -0.022768214851658853     -0.99958766549828637       7.7504370116427754
                       0                        0                        0                        1

0.5 0.4142474611 -0.8975167249
  -0.0078142398067387094      0.98340376595700651     -0.18126216030330461    -0.045917202915007983
     0.99332050951758988     0.028502406406669359      0.11181224530768162      0.81928530923117815
     0.11512299087479835     -0.17917769373057338     -0.97705785450066029       7.2549063120532189
                       0                        0                        0                        1

0.5 0.2494179632 -0.7787915932
    -0.68610592221555233      0.66725515121963819     -0.28987795133746408     -0.16536229286721421
     0.68226272339738514      0.72847327490071201     0.062002129139373113      0.86641437385605335
     0.25253958058714343     -0.15523289253985539     -0.95505314475717995       6.7720042937893883
                       0                        0                        0                        1

0.5 -0.08192519867 -0.8582695546
    -0.95813526275434291    -0.072842834641178258     -0.27689481704810837     -0.30577648233559879
    -0.10399674912056456      0.98958520204695422     0.099527905946242723      0.90634564124131034
     0.26676111867928148      0.12415735713652941     -0.95573189558047611       6.2938252045790977
                       0                        0                        0                        1

0.5 0.2983514068 0.1784586048
    -0.95949848111797265     0.057634076565046599     -0.27575528635150154     -0.44312727660416418
     0.07398258134308687      0.99604281749194779    -0.049247166218139807      0.91895600071723327
     0.27182575740742021    -0.067653669088955593     -0.95996548826959593       5.8137075511861962
                       0                        0                        0                        1

0.5 -0.1865960206 0.5461509303
    -0.78328343872961548      0.57107071994672476     -0.24565277818791093     -0.57548552242804107
     0.58103210469239086      0.81302219238474338     0.037371218961079408      0.91670215844227365
     0.22106276920512835     -0.11345989383670314     -0.96863724095345594       5.3317358545629236
                       0                        0                        0                        1

0.5 -0.06617457606 -0.1979721275
    -0.88108564729643035      0.41365007558585809     -0.22930699312503539       -0.694008293466575
     0.40992893128397367      0.90972881197300215      0.06596787068392089      0.94240351792196486
     0.23589479312738137    -0.035876226585377619     -0.97111613257188956       4.8466904795788581
                       0                        0                        0                        1

0.5 0.3056869321 -0.5912718851
      -0.951412552065244     -0.18320646194048265     -0.24748646038915137     -0.81703156387766351
    -0.16749596310350018      0.98234762319603197    -0.083296155644417502      0.93853681848273107
     0.25837813010533889    -0.037796024980921911      -0.9653042019896676       4.3625730930651274
                       0                        0                        0                        1

0.5 -0.3318443249 -0.782599017
    -0.56193514458742078     -0.75847773704593657     -0.33006123020310979     -0.95739831391544594
    -0.81337326336760019       0.5792640042443653      0.05363905131082998      0.93393941470756148
     0.15050856359774525      0.29860464797531083     -0.94243431415207035       3.8832875926581796
                       0                        0                        0                        1

0.5 0.3777544757 -0.1117180042
    -0.47091693239874804     -0.86440600340055629      -0.1761803169063762      -1.0847930138012858
    -0.87307750704597142      0.48528169459262327    -0.047300566420552581      0.93478381166700464
     0.12638397632036394      0.13154443423569795     -0.98322080549135182       3.4005580116771936
                       0                        0                        0                        1

0.5 0.412317289 -0.6829700668
     0.18776322924329547     -0.98195321480665498     0.022646272872277801      -1.1241949188183396
     -0.9787805951100057     -0.18898330516874376    -0.079207682730920548       0.8973151183637853
    0.082058006192169367    -0.007293442148515572     -0.99660086761019373       2.9043997434168927
                       0                        0                        0                        1

0.5 -0.0662999996 0.1072382201
    0.081562573033796132     -0.99661620165049492    -0.010182990123099308      -1.1210588406264823
    -0.99324155828502625    -0.080431409314445104    -0.083677925949594403       0.8564437473947375
    0.082575744475240229     0.016939155924448526     -0.99644082183586091       2.4061058427489974
                       0                        0                        0                        1

0.5 -0.3600119094 -0.2144995036
      0.2904940156808879     -0.93872090444544298     -0.18551628071606568      -1.1704184559722257
    -0.95511794664054905     -0.27270854558728846     -0.11567090026799377       0.8080505552652596
    0.057990817020748396      0.21079163342219315     -0.97580938324063515       1.9115874461347677
                       0                        0                        0                        1

0.5 -0.1592507625 -0.5875419847
     0.75737791557588918      -0.6037237470601492     -0.24878973096487436      -1.2801129540293075
    -0.64665914472506947       -0.746347004050114     -0.15747412514080586      0.74134498543982907
   -0.090612601449041458      0.28014957929840584     -0.95567022014791392       1.4284860751259236
                       0                        0                        0                        1

0.5 -0.1514336378 -0.859287617
     0.94386067323573541      0.19693760824178963     -0.26522180901839099      -1.4111737117255518
     0.13752279593893313     -0.96423657899437798     -0.22657294703110212      0.64602930918617996
    -0.30035730408319211      0.17737924960158974     -0.93718839711909185      0.95559974116459423
                       0                        0                        0                        1

0.5 0.3080988571 0.9175380664
      0.7127026300454925     -0.66392221621615644     -0.22641168684691459      -1.5396891054868709
    -0.69369729807647984     -0.71499112334753301    -0.087015815663735147      0.56925552358251652
    -0.10411061313636159      0.21907757609774037     -0.97013710159106292      0.47903995930093701
                       0                        0                        0                        1

0.4943526868 0.1802486645 0.5720002974
     0.23481439626048647     -0.96008776053055001      -0.1519660863095999      -1.6343084352571233
    -0.97201616155491255     -0.23082126342305936    -0.043659203243274831       0.5387430637065771
   0.0068396626289444311      0.15796530135196321     -0.98742097536152451   -0.0050476841948042805
                       0                        0                        0                        1

