1
21
                       1                        0                        0                        0
                       0                       -1                        0                        0
                       0                        0                       -1                     8.75
                       0                        0                        0                        1

0.5 -0.2565738843 0.1039012398
     0.99461451376225307     -0.10342994557174096   -0.0066494640764177427   -0.0011092517596012809
    -0.10342994557174096     -0.98640441525830291     -0.12770503481833506    -0.031998964068058022
   0.0066494640764177436      0.12770503481833506     -0.99178990149604984       8.2513695940165022
                       0                        0                        0                        1

0.5 -0.8469655551 -0.6034505235
     0.87767466266221017      0.47328608897728247     0.075415280290958953    0.0058125939420396091
     0.44174701230632574     -0.73787559038190087     -0.51029323945844773     -0.19592409659379928
    -0.18586759706632883      0.48118592155127471     -0.85668742564697375       7.7829558121908722
                       0                        0                        0                        1

0.5 -0.7690947559 -0.3616948339
     0.66336596975217188      0.68408793284579061      0.30326439011122641     0.097089080240412032
     0.63350564728082592     -0.29771685137174975     -0.71416753725760584     -0.50912484759466925
    -0.39826647491103639      0.66587414467304895     -0.63086879651625838       7.4080936953808507
                       0                        0                        0                        1

0.5 0.9936582055 0.5731570681
     0.95623686063753377      0.28839409955958722     0.049395442069986473      0.17698305650102636
      0.2827029225371126     -0.86712867390664483     -0.41008160221824058     -0.80208925075812099
   -0.075432910238502501       0.4060993797435779      -0.9107102556932315       7.0172689959278784
                       0                        0                        0                        1

0.5 0.6806339077 -0.3037658846
     0.82577215617092181      0.55564050830690148    -0.096767616593960271      0.16894274112801214
     0.54507934841921024     -0.83030194258228329     -0.11613435353493096      -0.9331192212352768
    -0.14487529126706528      0.04315448612294015     -0.98850839162232074       6.5372998837719312
                       0                        0                        0                        1

0.5 -0.1968017402 0.3978895815
     0.97812869584077855      0.19943111672083322    -0.059088781137371205      0.13144321883287191
     0.18357881743807572     -0.96127716500175675     -0.20553595752136361      -1.0129982862007247
   -0.097790961549912805      0.19019316951370102     -0.97686410831265358       6.0453522000675664
                       0                        0                        0                        1

0.5 0.9778960394 0.01466300638
     0.98062702358453091      0.13451270515337349     -0.14239723581610103     0.079743837799637216
     0.16929748708518771      -0.9476645466762661      0.27068481272415057     -0.99643263243892366
   -0.098534265524159004     -0.28954833642276223     -0.95207812672722658        5.553303745429738
                       0                        0                        0                        1

0.5 0.7113453369 0.5473683087
     0.89399945857355678     -0.43971629044680971    -0.086107792829017038     0.014046625967138182
    -0.31240919449165577     -0.74946968834963834      0.58369142656216177     -0.77988031178446859
     -0.3211938095095585     -0.49491895312343126     -0.80739690770521522       5.1103696204607703
                       0                        0                        0                        1

0.5 0.7560833162 0.03963454167
      0.8756570223740876     -0.47469064147365814      0.08884578810655254     0.014178886828488904
    -0.33684099200522494     -0.46850401823636978      0.81672647257286346     -0.42533944566290988
     -0.3460678044428333     -0.74509917446854179     -0.57014410014873795       4.7620340731945943
                       0                        0                        0                        1

0.5 0.06924370397 0.1769982539
     0.77868451881835843     -0.61808294615102533      0.10781415412593598     0.063136905695742679
    -0.41155883575343988     -0.37348400082507649      0.83134170221453962    -0.013185253890964532
    -0.47357126693444451     -0.69172478111237523      -0.5452037071858018       4.4832741598156716
                       0                        0                        0                        1

0.5 -0.2948741647 -0.3169617117
     0.93440255044741161     -0.35445743815801173     0.035380761040894784     0.097312819076623175
    -0.25588309551666855     -0.59879225166523598      0.75892798128312877      0.38576911054757707
    -0.24782194242274214     -0.71819757997373979     -0.65021267364892432       4.1845830248087061
                       0                        0                        0                        1

0.5 -0.9394031228 -0.5550352465
     0.98097085956142049      0.19411323639679157   -0.0040279209142893846     0.094319202118348239
     0.18029974958581818     -0.90307439220773689      0.38980590354421119       0.6789607984808268
    0.072028973272009578     -0.38311446539407829     -0.92088823068556458       3.7851913999769771
                       0                        0                        0                        1

0.5 -0.4151540496 0.2146278871
     0.99967882499129879    -0.021081027961099324     0.014065458546382709     0.098692582364545201
   -0.023398950954389632     -0.98095923732105295      0.19279902439777322      0.82528666288545915
   0.0097332398640283466     -0.19306621914411207     -0.98113745166880006       3.3080387963866262
                       0                        0                        0                        1

0.5 0.5566850277 -0.2892155902
     0.96380375486417136      0.26582639869150843    -0.020460886306026233       0.1004301340674376
     0.24606128053822951     -0.85734084181647585      0.45212888336546719      0.98795618185152445
      0.1026458393195353     -0.44079814735558953     -0.89171790660402694       2.8369441148826553
                       0                        0                        0                        1

0.5 -0.05881237704 -0.05278669249
     0.94842194071350638      0.31678762841981706      -0.0118920500072377     0.092279455542084277
     0.29129802377999403     -0.85608261365714911      0.42692858880123652        1.207719008145443
     0.12506511789902527      -0.4083725714027478      -0.9042071439724475       2.3879231201290283
                       0                        0                        0                        1

0.5 -0.3529007467 0.1532444882
     0.98560152054016725      0.16623399639288108     0.030917651142387516     0.098143749937782798
     0.15214833645278128      -0.9516922019359072      0.26670739863947657       1.3818315768721394
    0.073759924237774388      -0.2581631484500384     -0.96328150732732376       1.9199455961580116
                       0                        0                        0                        1

0.5 0.1361560333 0.5683106379
     0.92071630311117558     -0.38830986709447263     0.038690261079027455      0.11396406123863048
    -0.37854327283924577     -0.86465065514908657      0.33027902618605542       1.5313264424676856
    -0.09479704517252853     -0.31873922204104355     -0.94309004265723628       1.4431799339401121
                       0                        0                        0                        1

0.5 -0.2691219989 -0.487961751
      0.9961579252829702     0.085729023331692633     0.017886376226690568      0.12543900371005728
    0.080312218831933693     -0.97572443009078347      0.20374440858661325       1.6654577350613426
    0.034918983407600648     -0.20152511278401783     -0.97886071200920532      0.96203223639576652
                       0                        0                        0                        1

0.5 0.2967802645 -0.08254430706
     0.98562061373385457      0.16897008440909578   -0.0010565782900597981      0.13016137369443301
     0.15894847110538426     -0.92500548538831939      0.34510901978183872       1.8029848342422601
    0.057335759488830018     -0.34031450538627261     -0.93856201079499013      0.48181801902376797
                       0                        0                        0                        1

0.5 -0.8626554618 0.3638386075
     0.98044339951421755     -0.19666973567324328   -0.0071941239370278773      0.13470511339229529
    -0.19663858067244888     -0.97749205680971984     -0.07643655843265923       1.8711012819740509
   0.0080005587385741234     0.076356361517042337     -0.99704849286067754    -0.009613055981530283
                       0                        0                        0                        1
