6
21
                       1                       -0                        0                        0
                       0                        0                       -1                     -0.5
                       0                        1                        0                     8.75
                       0                        0                        0                        1

0.5 0.8468293147 0.3046281446
     0.95464336876042721     -0.29100106979920998     0.063042968342696223     0.010603388170587851
   -0.063042968342696223     -0.40447384935052644     -0.91237409505866029     -0.98526193311772103
     0.29100106979921003      0.86701746381908751     -0.40447384935052655       8.6465247146991953
                       0                        0                        0                        1

0.5 0.8496018415 0.03550469819
     0.94449716299813935     -0.27185931684968778      0.18443866441309764     0.072813636702516449
     -0.0837104050667207     -0.74205143291448894     -0.66509566153533073      -1.3856226834370036
      0.3176754273972599      0.61274153013450539      -0.7236229267210883       8.3599861368240322
                       0                        0                        0                        1

0.5 0.8692543725 0.07467359479
     0.92520196146966516     -0.23652593830433027      0.29674367895869402      0.19375117481142082
    -0.14773286994017756     -0.94479682789531805     -0.29246188322272587      -1.6286956365844043
     0.34953730792566756      0.22674751268360371       -0.909070534040058       7.9447998636031665
                       0                        0                        0                        1

0.5 0.5872272491 -0.2477737341
      0.9436615814939332     0.089359370916082093      0.31861845904129737      0.35158840022350324
     0.09563387576657599     -0.99540825406338629   -0.0040705710096144432       -1.703449453872576
     0.31679170036197607     0.034311959605409614     -0.94787431023833779       7.4782036031407628
                       0                        0                        0                        1

0.5 0.9144292194 -0.3042639827
       0.853614871913567      0.48758641983231127      0.18330612003720309      0.48469442605170926
     0.37946303550479182     -0.82313725154964879      0.42243682343846328       -1.595559405874434
     0.35686055418534784     -0.29104045819507496     -0.88766322248932183       7.0130896745409714
                       0                        0                        0                        1

0.5 -0.1936127553 -0.6177364203
     0.41933494836704094      0.87233878914359664      0.25136276182739281      0.59179950198069753
     0.79760507539704328     -0.48625300609407507      0.35690917299132624      -1.4020907005108847
     0.43357161436017461     0.050823724971305759     -0.89968472489042128        6.564864674758935
                       0                        0                        0                        1

0.5 0.3555390756 0.1390304786
       0.538647248951303      0.83671774857435166     0.098805619363782404      0.67907752570773194
     0.72728939409660642     -0.52096481002483419      0.44681741679390641      -1.2014163841374874
     0.42533431372484409     -0.16881669329914001     -0.88915220611083212       6.1160271686811711
                       0                        0                        0                        1

0.5 0.616848174 -0.005383500496
     0.53412475216897448      0.83007080106225328     -0.16029103014298773      0.66362061729064736
     0.72967126914782665     -0.35688701676958212       0.5832765178210999     -0.94178098458744641
     0.42695501882590808     -0.42850218492462361     -0.79630100427802553       5.6913213423522633
                       0                        0                        0                        1

0.5 -0.5164063293 0.5225293674
     0.88335130945436069      0.46855070273567767     0.012276117104705164       0.6305284909329103
     0.41849618800199223     -0.80023761591354803      0.42951216362846112     -0.68378681661740448
      0.2110720367861818     -0.37427262395599142     -0.90297762887240429       5.2659149270494794
                       0                        0                        0                        1

0.5 -0.4432787835 -0.3005384383
     0.70675578816038742      0.69295521633912105      0.14251078573283971      0.66714801415667047
     0.64890593776173611      -0.7152158123361001      0.25959088143071329     -0.51229806047513515
     0.28181082278605196    -0.090991262947683033     -0.95514566963779601       4.7987619058458932
                       0                        0                        0                        1

0.5 0.1314122337 -0.4344567479
      0.3476548938087306      0.93346483951718617     0.088201293618597354      0.72548661897598121
     0.88582524233985271     -0.35782609495593548      0.29542194536311539      -0.3725632453208213
     0.30732672328384003    -0.024573952749599719     -0.95128671072494131       4.3223362328847088
                       0                        0                        0                        1

0.5 0.6585226585 0.4110954594
     0.69102877322632861      0.69826768728012789     -0.18681935519045306      0.69759036351364045
     0.69183046620094601     -0.56404829686303237      0.45079942861775557     -0.18885027797156786
     0.20940353533189845     -0.44076269772562837     -0.87285646224572822       3.8605640788137752
                       0                        0                        0                        1

0.5 -0.9551752172 0.07298634173
     0.74142128399984986      0.65564236158399791      0.14292506193306981      0.68746833044225708
     0.64273327448428352     -0.75506004316288367      0.12953095803542697    -0.039951776416134038
      0.1928429866568267   -0.0041743161622457281      -0.9812207486502984       3.3883229054544248
                       0                        0                        0                        1

0.5 0.3495958932 -0.4560122358
     0.37303181255241014      0.92781696856460238    0.0017145458451338635      0.72561847225325604
     0.90295525558142142     -0.36345977299534071      0.22927886913552672     0.052614204193338815
     0.21335199376090702    -0.083980153951793132     -0.97335926589336919       2.8990943324631369
                       0                        0                        0                        1

0.5 -0.4951876067 0.2566834848
     0.59395758265753584      0.77528581493384741      0.21481688752511149      0.78132825010555407
     0.77498515803568713     -0.62305361216113231      0.10584045161169241      0.13907780474340301
     0.21589903850646988      0.10361516074072058     -0.97090241715460579       2.4110894868385349
                       0                        0                        0                        1

0.5 0.6450761356 -0.3524529668
     0.28280806706196387      0.95662443705565392    -0.069923412621444275      0.81999796588073726
     0.93319384184969867     -0.25756238663540193      0.25062096984186233      0.23312381619447842
      0.2217405031528423     -0.13612973010561871     -0.96555675433549493       1.9237404176743069
                       0                        0                        0                        1

0.5 -0.2523143711 -0.5366622915
    -0.24697563409375609      0.96748128892443719     0.054616771646595619      0.81611394487263655
     0.94177952043264712      0.22638031499590533      0.24860267069363645      0.35537287802450529
     0.22815427030332086      0.11283575924087265     -0.96706448615327334       1.4392697307791902
                       0                        0                        0                        1

0.5 0.7584846886 0.5706659442
     0.30728329219451278       0.8984182863629262     -0.31372210803002826       0.7502376576241887
     0.93951507949154756     -0.23400350190343294      0.25010752988449175      0.47271798370503293
     0.15128910650173577     -0.37160051644963155     -0.91598289417885592      0.96079236234919718
                       0                        0                        0                        1

0.5 -0.7249203427 -0.5291141524
    -0.20678235342395862       0.9776319568814813     0.038429353319234305      0.68020986117376125
     0.95111903382817164      0.19165560034383777      0.24215844884415882      0.58931145094454263
     0.22937663743767556     0.086624983353122298     -0.96947535835463916      0.48245953231048294
                       0                        0                        0                        1

0.5 0.3054778776 0.2185058214
   0.0098591578104277478      0.99354534354154511     -0.11300640395208632      0.66166699342686941
     0.97394832139316156     0.016063470560590404      0.22620042477633068      0.70528235354958413
     0.22655565378668524      -0.1122925431204673     -0.96750344727903947   -0.0030526067206044782
                       0                        0                        0                        1


15
                       0     -0.99999040995401534                        0                     -1.7
    -0.70709999999999995                        0      0.70710678118654724       1.1535500000000001
    -0.70709999999999995                       -0     -0.70710678118654768       5.3464499999999999
                       0                        0                        0                        1

0.5 0.7077701767 0.5685180981
    -0.52696394877126129     -0.78402386135334357      0.32801890421741275      -1.6147867432392475
    -0.52852256300402578      0.60456639752522512      0.59594780088446242       1.4882954524831615
    -0.66554781732955204      0.14067316570877375      -0.7329717411314991       4.9885202957292964
                       0                        0                        0                        1

0.5 0.9761837493 0.01079437541
    -0.53421760985510081      -0.5331453575566073      0.65600944584399112      -1.3636571150431906
    -0.52068364855085147      0.81887711714258171      0.24149371658912283        1.702031716444846
    -0.66594377075418421     -0.21257308728206567     -0.71506781969060129        4.619297677952984
                       0                        0                        0                        1

0.5 0.7730471287 0.03459573042
    -0.54755565377413939     -0.22823372720427115      0.80502980801112001     -0.99347428462112619
    -0.49115754714825799      0.86656912961742716    -0.088389012175729892       1.7410779142948791
    -0.67744241282337248     -0.44380693573877389     -0.58659832176559101       4.2901477062619353
                       0                        0                        0                        1

0.5 0.3390460405 -0.2829957499
    -0.48153967214291221     -0.23407860410813447      0.84457537925947357     -0.58111434792795558
    -0.71037822910700066      0.66864131555001094     -0.21970883630467014       1.6626528548376411
    -0.51328696485156011     -0.70577966396396397     -0.48826423957565046       4.0195782673218972
                       0                        0                        0                        1

0.5 0.451193627 -0.03813210257
    -0.47595976845737525    -0.057305330035733959      0.87758715690209199     -0.14891061704287301
    -0.73419793827269553      0.57522971843451176     -0.36063079245382684       1.5166891240066291
    -0.48414574858342058     -0.81598177144522421     -0.31585922940087396       3.8175106099962783
                       0                        0                        0                        1

0.5 -0.9886196414 -0.4836326736
    -0.29613621664721612     -0.65645604547759451       0.6937936447862515       0.2563743310013894
    -0.94966699764027929      0.28001694223166473     -0.14040482775220245       1.3975595155346932
     -0.1020962487571527     -0.70046128490180581     -0.70634322701037455       3.5595615247563144
                       0                        0                        0                        1

0.5 -0.2763284426 -0.1513317714
    -0.18688044764965592      -0.7824115506542797      0.59404434488431046      0.57905944240039031
    -0.98237291654225212      0.15071076525274907     -0.11054468816365301       1.3355670533401174
  -0.0030280450115470411     -0.60423895641657777     -0.79679139333455007       3.1832235448172712
                       0                        0                        0                        1

0.5 -0.1635187166 0.4892865594
    -0.54392032805759138     -0.64696676453953605      0.53438329156792175      0.86070303629162503
     -0.7942545295415504      0.60240494484893092    -0.079110269398391581       1.2866082061974431
    -0.27072840163506917     -0.46747629368412014     -0.84152388997073602       2.7731769007159559
                       0                        0                        0                        1

0.5 -0.9052293305 -0.1845257191
    -0.39828334363375728     -0.89998143818442622      0.17715701822791546        1.043378811782369
    -0.89102349248947132      0.42546976639954981      0.15824987744632482       1.3097432815440764
    -0.21779045115325835    -0.094827764434824269     -0.97137295848646832       2.3128967872437194
                       0                        0                        0                        1

0.5 0.6074197209 -0.513851048
    0.074818340605111278      -0.8864158955092617      0.45678211008927555       1.2020362881592401
    -0.99470188730415598    -0.033987735730892657     0.096971125668605523       1.3676994710286727
   -0.070422893718215959      -0.4616213467080415     -0.88427188030820436       1.8443161616903443
                       0                        0                        0                        1

0.5 -0.9885863932 -0.5449465997
     0.56363113907330264     -0.82590620814731641     0.013405014384643588       1.3183254491892729
    -0.82417151290602453     -0.56338395818099152    -0.057708257455171427       1.3885180432136206
     0.05522221154290087     0.021483748778784617     -0.99823813085391677        1.363647908411695
                       0                        0                        0                        1

0.5 -0.2847416122 0.2136983039
     0.37606766681074028     -0.91984216053215551     -0.11155415584845618       1.2943460162111922
    -0.92365841785519576     -0.36259112601268872     -0.12398875941828782       1.3419013514029499
    0.073611105179258757      0.14967101115524614     -0.98598702000282668      0.86683036189727303
                       0                        0                        0                        1

0.5 -0.7895389944 -0.2732873683
     0.59822259352413154     -0.67460165529016347     -0.43246173851224412       1.1542925636108967
     -0.8010566169029516     -0.51734291924565246     -0.30108970494253573       1.2381870396979515
   -0.020607920415913639      0.52655501234789082     -0.84988560558903692      0.40163899269612924
                       0                        0                        0                        1

0.5 0.6705147279 0.6046105687
    0.074907076896283648     -0.98697792007165286      -0.1422825889625553       1.0062077197731216
    -0.97816386817506362    -0.044990476214294944     -0.20288349870506212       1.1188452235390935
      0.1938514117608886      0.15437500934706949     -0.96880359033573082      -0.0582742014087545
                       0                        0                        0                        1


16
                       0      0.99999040995401545                        0                      1.7
     0.70709999999999995                       -0      0.70710678118654768     -0.84645000000000004
     0.70709999999999995                        0     -0.70710678118654735       6.2464500000000003
                       0                        0                        0                        1

0.5 0.04386407509 -0.3126533673
    -0.30755668052999485      0.95127506462505984    -0.021574514686512232       1.6945617804895003
     0.67041714520598794      0.23273104633983735      0.70453354887004327     -0.49332689071743563
     0.67522630272895978      0.20221978246413061     -0.70934266027297299       5.8925227383894363
                       0                        0                        0                        1

0.5 0.7061585016 -0.2043409254
    -0.48949417027923819      0.80468537976192223     -0.33594302621136674       1.6030198158366074
     0.58530011498975321      0.58877164895071021      0.55746042979286259     -0.17257587038042105
     0.64637457285012279      0.07624122350666615     -0.75919536182133474       5.5235297211958319
                       0                        0                        0                        1

0.5 0.4962438969 0.2379237776
    -0.29788902740199569      0.79006526580414382     -0.53576097573761428       1.3849423680177142
     0.72252959576492726      0.55340438959704119      0.41434885642233532     0.070010087609299276
     0.62385416883560041     -0.26368101923061338     -0.73570966156762307       5.1462822673073854
                       0                        0                        0                        1

0.5 -0.1559449518 -0.5436948945
    -0.67430955043078278      0.55962283146327252     -0.48177768389877201       1.1313101683640894
     0.34097922876718173      0.81467720356701856      0.46906783042280831      0.29001112341584578
     0.65499737510321587      0.15201437982442439     -0.74017597700445004       4.7759534846373768
                       0                        0                        0                        1

0.5 -0.1130057834 -0.5752767673
    -0.87772399386316591      0.12776332021690751     -0.46179859744703117      0.89643852680410241
     -0.1494737804438189      0.84268104933196653       0.5172394494396273      0.53652164418688764
     0.45523895527940211      0.52301719193340312     -0.72055598015575151       4.4098921450010424
                       0                        0                        0                        1

0.5 0.9279895243 0.08613704719
    -0.87298499615492242    -0.019779182898291753     -0.48732617456100802      0.65629423327396996
   -0.068861984606397655      0.99416204853794299     0.083007579912373508      0.68952292959083472
     0.48284465676939009      0.10601410202274042     -0.86925971815192349       4.0043461673428515
                       0                        0                        0                        1

0.5 0.7194392961 -0.01003841308
    -0.87187677303463029     -0.19862939188685541     -0.44761375908407641      0.41987278231807035
   -0.078772616504558302      0.95902494825301765     -0.27213311727410722      0.64171375900926897
     0.48333178832061735      -0.2020179715399103     -0.85180369309700299       3.5694534361332702
                       0                        0                        0                        1

0.5 0.4286747491 0.1351443502
    -0.89696290543643131     -0.17063159887670237     -0.40782744357855016      0.20626279018455401
    0.046246925830552045      0.88122843668706707     -0.47041266375948265      0.45538178997838535
     0.43966017832502913     -0.44081615358225812     -0.78254102533742331       3.1587323303037609
                       0                        0                        0                        1

0.5 -0.8117051264 0.3370321829
    -0.87481639092590679      0.29899019357934042     -0.38115871538082308    0.0010376178170619088
     0.35853066059376482      0.92873137995353827     -0.09436206496148658      0.31338105723289339
     0.32578041357269955     -0.21921757595696817     -0.91967450031190445       2.7294136030727647
                       0                        0                        0                        1

0.5 -0.7377737919 0.06242083957
    -0.85056364110694982      0.46899664562131904     -0.23783283798255928     -0.15632943490276605
     0.41554326949493253      0.87662816201342031       0.2425639436157708      0.35123424285706467
     0.32225174486584046      0.10747885985275191     -0.94052778673236104       2.2593298595871216
                       0                        0                        0                        1

0.5 0.3716659779 0.5810955345
    -0.46786782889504608      0.80704613446469886     -0.36021806108331444     -0.30320824562049981
     0.83861657317622385      0.53404741211782669      0.10726609345184407      0.43602253273522346
     0.27893684207046382     -0.25190601901790999     -0.92667578241707882       1.7897288184677107
                       0                        0                        0                        1

0.5 -0.6403825656 0.4044406664
   -0.095514553370167635      0.99326567591376413     -0.06543001716391017     -0.41211576501246217
     0.97128224083065595      0.10738529173940073      0.21229606158622888      0.52163070585606186
     0.21788538751111297    -0.043275095017005605     -0.97500955588158256       1.3115116525245527
                       0                        0                        0                        1

0.5 -0.3763819886 0.0353302534
   -0.060359987617753089      0.99070486195220553      0.12182515503394614     -0.39799688817536288
     0.97374510175150342     0.031607849016073393      0.22541479697555725      0.63165297691827871
     0.21946167063487687      0.13223364734013152     -0.96661328753192399      0.82472888477805473
                       0                        0                        0                        1

0.5 -0.8542356556 -0.3748566192
    -0.39844278481656248      0.76428547758338261      0.50704228224356396     -0.23672868237706268
     0.91349647880346463      0.28114320522331782      0.29406307379613433      0.75705748155357688
    0.082188672140348501       0.5803515188767463     -0.81020216409810897      0.37250680043578233
                       0                        0                        0                        1

0.5 -0.2356254323 -0.1467808026
    -0.50131344458834526      0.63326516292959956      0.58961079000872618     0.038078126531035983
     0.86519688476672707      0.37503153626574903      0.33283044842096821       0.9133197047975774
   -0.010361108829756886       0.6769846930329716     -0.73591764676685811    -0.014497791611912558
                       0                        0                        0                        1


13
                       0      0.99999040995401534                        0                      1.7
     0.70709999999999995                       -0      0.70710678118654724       1.1535500000000001
     0.70709999999999995                        0     -0.70710678118654768       4.8464499999999999
                       0                        0                        0                        1

0.5 0.5954179741 -0.4721599372
    -0.44801663387723017      0.84821198301703926     -0.28248601316811639       1.6274859052468482
     0.58188596315901142      0.51654529100921076        0.628156109748778       1.4938067514542903
     0.67872728808054283      0.11704590878870957     -0.72499650595755072        4.489883674744565
                       0                        0                        0                        1

0.5 0.5236446839 -0.5392089109
     -0.7959266653321313      0.40336298886756744     -0.45141982967642857       1.4391271574407765
     0.19462526504307986      0.87659015647871008      0.44011488701422141       1.7648260492006134
     0.57323986631884771      0.26243558064539818     -0.77621777335620334        4.116175779241523
                       0                        0                        0                        1

0.5 0.8592547295 -0.2578507372
    -0.84524057015066711    -0.028899797160350765     -0.53358598210172792       1.1851051337645322
   -0.052272000297963972      0.99821449230342874     0.028738046910969706       1.8842256622055966
     0.53180833782783377     0.052173097234476995     -0.84525041836236814       3.7070289483826526
                       0                        0                        0                        1

0.5 0.2599590253 0.1697723348
    -0.84383986458296378     0.045337871406035832     -0.53465837724380127      0.91844640794425536
     0.11697519061779529      0.98799728145894539     -0.10083941000255445       1.8661449447207406
     0.52367307925552264     -0.14764497048387232     -0.83902197751540186       3.2848778466496511
                       0                        0                        0                        1

0.5 -0.6169084008 -0.1026517023
    -0.85239567612341227      0.11988743204978268      -0.5089493442009918      0.65658465550366785
    0.015139189129457935      0.97860567246213426      0.20516372188434379       1.8923469392143477
     0.52266213414250628      0.16716780736330233     -0.83598422695344365       2.8620730958563803
                       0                        0                        0                        1

0.5 0.9654488349 -0.06375927356
    -0.85036375317725454     -0.18236047804502586     -0.49356556132846541      0.39985250207408357
   -0.047945095644167983      0.96096956177203419       -0.272450324190183       1.8751691547775744
      0.5239911374069024     -0.20802904288478175     -0.82592228159522529        2.439019951140919
                       0                        0                        0                        1

0.5 0.7337728045 0.2018142526
    -0.88704202211345939     -0.17579838953289742     -0.42688663277561723       0.1698400621300141
     0.13139661857040508      0.79028062357057538      -0.5984829777338414       1.6548188618485571
      0.4425755621983895       -0.586984218798972     -0.67791357017376519       2.0572509259294205
                       0                        0                        0                        1

0.5 -0.6874737991 0.5074704681
    -0.82400446308890896      0.41640978125642503     -0.38418792131395185    -0.041463988677840846
     0.54198618138724086       0.7769203858790148     -0.32036869883132935       1.4252985019162623
     0.16507515369877726     -0.47222176135224425     -0.86587944411257944       1.6696486173523197
                       0                        0                        0                        1

0.5 -0.7488449304 0.4567684997
    -0.52927037976217195      0.83637446175046937     -0.14258837553608303     -0.17974831544302089
      0.8482776409957441      0.52498915248860478    -0.069295335744848752       1.3318358982395013
    0.016892528308768751     -0.15763704588382926     -0.98734776763426035       1.2014052261251178
                       0                        0                        0                        1

0.5 -0.7588910377 0.3335146935
    -0.22439435998531579      0.95283784132841531      0.20427442164741572     -0.16617599667721045
     0.97412540159045902      0.21356798865944085     0.073883869661701893       1.3379277427873828
    0.026763784313727543      0.21556804584847244     -0.97611706647219298      0.70461330810181655
                       0                        0                        0                        1

0.5 -0.9120385605 -0.2717748479
    -0.45090084756335058      0.67469996981336733      0.58433654378319833     0.036286577897881006
     0.88810465964619156       0.4045247271552988      0.21822068791627616        1.407308393605885
     -0.0891544613059745      0.61734994146652133     -0.78161431780675872      0.25751018382114288
                       0                        0                        0                        1

0.5 0.04238999588 0.1331080578
    -0.35655306444937424      0.74076513228129626      0.56931340316914569       0.3247574261000622
     0.93423892575228951      0.28761070548166473      0.21087465874672209       1.5144789493104858
   -0.007541066714484089      0.60706581155845041     -0.79460974242057225     -0.13655491615815063
                       0                        0                        0                        1


13
                       0                        1                        0                     -1.7
                       1                       -0                        0     -0.29999999999999999
                       0                        0                       -1       5.4000000000000004
                       0                        0                        0                        1

0.5 -0.7752357097 0.1977732156
     0.19159026406078336      0.90680375753040054      0.37549982163226919      -1.6046150840010462
     0.98074955058279212     -0.19159026406078331    -0.037729163107209002     -0.30632815545263753
    0.037729163107209016      0.37549982163226914     -0.92605420694760832       4.9124026200150386
                       0                        0                        0                        1

0.5 -0.3772083749 -0.5433983268
     -0.2832376655496161      0.79236833150572028      0.54030440683085779      -1.3747597369133029
     0.93648187410310213      0.35000217631389696    -0.022364616068186495     -0.32563136421237071
    -0.20682873178150435      0.49965078184906009     -0.84117237942485823       4.4696149094958857
                       0                        0                        0                        1

0.5 0.9437592896 0.2122232588
     -0.0897886473781907      0.98984882848012468      0.11016939483595362      -1.2082410582283096
     0.98577263055972431      0.10410626432874039     -0.13196289844829751     -0.36906967272532903
    -0.14209264457161805     0.096753203998832749     -0.98511344416498781       4.0050862499938535
                       0                        0                        0                        1

0.5 0.5370836579 0.2812683319
     0.18927575048020664       0.9694095797656046     -0.15626822114181968      -1.2199950430307991
     0.97089648367010339     -0.20854888079813888     -0.11775985018193663     -0.43500758355988584
    -0.14674708950157431     -0.12943118239635212     -0.98066959815541321       3.5111032555070136
                       0                        0                        0                        1

0.5 -0.392602013 0.06906106598
     0.25634775648588681      0.96597303800130208     0.034379028479405771      -1.2504392126971073
     0.95508597380918336     -0.24766806849461928     -0.16270006294131656     -0.50480236667968614
    -0.14864928650221068     0.074542724008985942     -0.98607645338467764       3.0177471921622363
                       0                        0                        0                        1

0.5 0.114645707 -0.1243124112
     0.13454006114245284      0.99066857115250861    -0.021788852159584926      -1.2472326660855515
     0.97898868088731605      -0.1362898670744393     -0.15167806310519796     -0.58313079355576458
    -0.15323228981614093    -0.000924263749618702     -0.98818976471840858        2.524000332019948
                       0                        0                        0                        1

0.5 -0.9591685706 0.1977098153
     0.32017711676876692      0.84490550325072855      0.42851056518395514       -1.142626353886838
     0.94155759589768229     -0.23382766658254667     -0.24247456763120181     -0.67971108711497075
    -0.10467047102701091       0.4811021855252734      -0.8703934625086458       2.0496788682161573
                       0                        0                        0                        1

0.5 0.4817381031 0.1803265476
     0.47431705767171062      0.85174155741031887      0.22261996357446423      -0.9797750098706457
     0.87960581142320238     -0.44808717272258219     -0.15972320480134508     -0.78241413545894911
   -0.036289741142379067      0.27157725424219037     -0.96173221307497658       1.5895414331290463
                       0                        0                        0                        1

0.5 -0.6469490677 -0.1777148397
     0.32528415731060301      0.80639004393487013      0.49388795697551591     -0.80003538500027349
     0.93916973339815168     -0.21461764673281875     -0.26814077940460984     -0.89253402571205909
    -0.11022898380904879      0.55106656835048984     -0.82714884293870572       1.1385456025995691
                       0                        0                        0                        1

0.5 -0.6921084491 -0.01002260361
     0.31819430667000614      0.59422337374654044      0.73868191076814205     -0.48882757406555832
     0.94077096872342114     -0.10170942348722201     -0.32342723691905234      -1.0420573064880083
    -0.11705711259889363      0.79784320218146632     -0.59139145844595498      0.78034514503344177
                       0                        0                        0                        1

0.5 0.6756791621 0.2138676692
      0.4610719150501168      0.72405882735712335      0.51298294677137701     -0.17407882301341937
     0.88683413937756717     -0.39594701769172536     -0.23822503733965203      -1.1866233330104015
    0.030625126717584435      0.56476966429444153     -0.82468013672349105      0.42303757618203119
                       0                        0                        0                        1

0.5 0.187532248 -0.532512955
    0.017722320334566763       0.9002961713210117      0.43491691536049332     0.063588066650431041
     0.97065421282383824     0.088844999521675669     -0.22346580317204789      -1.3001427047900247
    -0.23982560015414123      0.42611426867064794     -0.87230173194026439    -0.001752264905752865
                       0                        0                        0                        1


15
     0.70709999999999995     -0.70709999999999995                        0      -1.6000000000000001
    -0.70709999999999995     -0.70709999999999995                        0      -1.6000000000000001
                       0                       -0                       -1       6.2999999999999998
                       0                        0                        0                        1

0.5 0.4221770195 0.3871212358
     0.39001955738796373     -0.90441818192601664      0.17289683934802136      -1.5585169232755984
    -0.91991820182450423     -0.37451953748947625      0.11604498261725758      -1.5680540685999025
   -0.040200718944112417     -0.20431468106723161     -0.97807945142343722       5.8036772670126355
                       0                        0                        0                        1

0.5 0.6451057652 0.1678719822
     0.24071115744528179     -0.85477491787860282      0.45978125064750142      -1.3996787351048769
    -0.96548595366452605     -0.16237238983242308      0.20359985338061654      -1.4852853618564956
   -0.099378173559105845     -0.49293055002935876     -0.86437460135511268       5.3391762672147971
                       0                        0                        0                        1

0.5 0.512049546 -0.1428098873
      0.3502579280265487     -0.66838399594808995      0.65617302429695512      -1.1186989501915683
    -0.93654874025193557     -0.23997607116574685        0.255477518385405      -1.3713450598579735
   -0.013291515168870185     -0.70403454892230088      -0.7100413294649035       4.9433170582717745
                       0                        0                        0                        1

0.5 -0.7544290111 -0.5686858869
     0.71475359796626636     -0.56336575035542791      0.41439974121703105     -0.85271931402540346
    -0.63841609222286233     -0.76751138029105792     0.057723429511807256      -1.2846883310356882
     0.28554259090062634     -0.30582335802846605     -0.90826070181746277       4.5324336341602391
                       0                        0                        0                        1

0.5 -0.4424518817 -0.02779153196
     0.73127474601242315     -0.62063863745884962      0.28288822445921696     -0.67786895765754784
     -0.6168398290559215     -0.77877282410694959     -0.11402777610190867       -1.298660526427053
     0.29108128800016042    -0.091112838554315595     -0.95234979625489646       4.0653002205050042
                       0                        0                        0                        1

0.5 0.5752583933 0.1267299073
     0.65319931209367077     -0.60135563502940714      0.46009007694008508     -0.49189290279944042
    -0.71106508373730026     -0.69598966858970424     0.099828091768094915      -1.3012166912630927
     0.26019074511045603     -0.39236915559705066      -0.8822398890862525       3.6030364191795665
                       0                        0                        0                        1

0.5 -0.0556589989 0.6093496204
     0.18773193706378241     -0.87872873667627427      0.43883179823891394     -0.26683879017655421
    -0.98220271344359211     -0.16616864762705791     0.087445012721360071      -1.2550166196545531
  -0.0039204343021012403     -0.44744658662587222     -0.89430206435618753        3.158965196137101
                       0                        0                        0                        1

0.5 -0.4507316579 -0.2577636836
     0.41628269148191399     -0.87724860200553456      0.23900717782507799    -0.097392972217041851
    -0.90537500406915927     -0.42410600269207022     0.020273640208959512      -1.2256601163192393
    0.083580959354034118     -0.22483500244360718       -0.970805564935452       2.6905938162253316
                       0                        0                        0                        1

0.5 -0.6276802025 -0.1287739646
     0.52846018498715486     -0.84825015412318072    -0.034385010009329475    -0.046617362721952285
    -0.84396181687570049     -0.52054318495680774     -0.12939885722404201      -1.2516779179217363
    0.091865479938534292     0.097403647748470129     -0.99099609636009878       2.1959214879494167
                       0                        0                        0                        1

0.5 0.4809925728 0.2703071423
     0.28393989664743069     -0.94117390445303495      0.18316832878113856    -0.010354729965262058
    -0.95528126763511756     -0.29410374977785153    -0.030356285544324624       -1.289342660794766
    0.082442617374919661     -0.16636110353456279     -0.98261243533304343        1.699870468633605
                       0                        0                        0                        1

0.5 0.3747930536 0.02301116069
     0.26272964084742234     -0.89682217363301286      0.35589878434794125      0.12475856091791827
     -0.9618218904821787     -0.27268051036923568     0.022908737504715983       -1.291037171644366
    0.076503065720420108     -0.34833672705715335     -0.93424236979409514       1.2192350224628783
                       0                        0                        0                        1

0.5 0.4157887883 -0.506000883
     0.64316432825623904     -0.56918205705541458      0.51220333148552211      0.34463645286042049
    -0.71170924023991311     -0.69112803690404534      0.12566946312563487      -1.2575355338625851
     0.28247469731909708     -0.44537450201638351     -0.84961732463983008      0.77242530927170527
                       0                        0                        0                        1

0.5 0.4488561344 0.07473407241
     0.60351032803442195     -0.48706790084364449      0.63128516846473626      0.63127715826647446
    -0.75985247942127232     -0.59124685778456199      0.27024467187573953      -1.1576221221083942
     0.24162250149565598     -0.64279137979175249     -0.72693727985046708      0.37643885560767698
                       0                        0                        0                        1

0.5 -0.5255376892 0.3451841298
     0.37702830311737007     -0.80452594473947303      0.45887741597238713      0.90730450918827033
      -0.925101501897587     -0.35114413548390588      0.14445008585005581      -1.0565855286127421
    0.044919133287474627     -0.47897914427613175     -0.87667625199568755    -0.026263709705368121
