6
21
                       1                        0                        0                    -1.25
                       0                       -1                        0      0.29999999999999999
                       0                        0                       -1                     8.75
                       0                        0                        0                        1

0.5 -0.6618850762 -0.2588214392
     0.96699551862684996      0.25127419668369871     0.042201244490551709      -1.2429248134669222
     0.25127419668369871     -0.91303481503584727     -0.32129224175727955        0.218474210204888
   -0.042201244490551723      0.32129224175727966      -0.9460392964089972        8.259046701062287
                       0                        0                        0                        1

0.5 -0.9653057978 -0.6121245835
     0.66204485443925554       0.6941216868184773      0.28265118892156749      -1.1707091257666156
     0.66541212966278518     -0.37085908328889333      -0.6478350392189034    -0.034823102358512714
     -0.3448525893887715      0.61697538381234729     -0.70740233768447947       7.8396788392547663
                       0                        0                        0                        1

0.5 -0.7509967703 0.4727307398
     0.87451580337130874       0.1773176051047079      0.45142062045697967     -0.97905582988378292
     0.48420583344729551     -0.37234975189425401     -0.79177040429653411     -0.39470099766959643
    0.027691524144459065      0.91099622896267718     -0.41148396117751485       7.5553288943941315
                       0                        0                        0                        1

0.5 0.988032768 -0.0371844058
     0.86353433031086813      0.40120156909186944      0.30552538574197363     -0.78519193523540665
     0.50428878849433389     -0.68564806909874176     -0.52495670596734345     -0.73035824781979286
  -0.0011305633447646823      0.60739116415979366     -0.79440209939748696       7.2475822537051631
                       0                        0                        0                        1

0.5 0.09629672114 -0.1329022828
     0.80180159106982463      0.52624545543108248      0.28316060671645243     -0.63776949278377926
     0.59234041349742927     -0.63720295966683949     -0.49305701772666649     -0.98476445667011614
   -0.079038238186279391      0.56306137216999097     -0.82262679756646429       6.8432360662162566
                       0                        0                        0                        1

0.5 -0.451603293 0.2850751528
     0.90729967368535436      0.20572151290430407      0.36672327613448918     -0.47227623585152573
      0.4065573114401328     -0.65179766109709603     -0.64021165367628663      -1.2679440080774058
     0.10732406368107293      0.72995785365781218     -0.67501339041404351       6.4672523179490486
                       0                        0                        0                        1

0.5 0.9012599452 0.04225548142
     0.91833479593263845      0.30763647796216964       0.2490401574172125     -0.31641523131091831
     0.37359726431727835     -0.88151598878270709     -0.28871204618978291      -1.5045029800864318
     0.13071452357715954      0.35817503953720431     -0.92445895224099539       6.0603795952355517
                       0                        0                        0                        1

0.5 0.4873724715 -0.5948673535
     0.57327567582090588      0.81225515060580611      0.10768737078423807     -0.22207401626522766
     0.81896284116063411     -0.56392090040230969     -0.10626891778666864      -1.6000010586042717
   -0.025590316726921511      0.14911334079748756     -0.98848892117515863       5.5800051338024002
                       0                        0                        0                        1

0.5 0.5590804452 -0.5796948914
    0.032780483308498788      0.98769010349408826     -0.15294998978063831     -0.23133204445482741
      0.9991581199094175    -0.036161470890262282     -0.01937522753750516      -1.6252221550099328
    -0.02466761709485854     -0.15218609490649532     -0.98804397735322169       5.0823380539660814
                       0                        0                        0                        1

0.5 0.4974842118 -0.2470993669
    -0.20264544002024804      0.89826544308952339     -0.38994104604437474     -0.36798352782826393
     0.97830886794362715      0.20318115092819225    -0.040363087225249651      -1.6376710285724185
    0.042971904098589177     -0.38966217889176247     -0.91995478247545781        4.602872043905526
                       0                        0                        0                        1

0.5 0.2832797137 -0.05687582092
    -0.25164214384799705      0.82132450772311605     -0.51195926054029339      -0.5939128601761442
     0.96538057949338651      0.25055049147772457    -0.072558858572079776      -1.6656218486396286
    0.068677275547278191     -0.51249439434363608     -0.85593979203548765       4.1581732045941475
                       0                        0                        0                        1

0.5 0.2287708186 0.2610126356
   -0.039232870475800416      0.79522417005725521     -0.60504487538609697      -0.8732884585988907
     0.99615741754614695     -0.01632222041127494    -0.086046409504617963      -1.7065468216030262
    -0.07830186039948106     -0.60609578820314736     -0.79152808805524189       3.7458595198405624
                       0                        0                        0                        1

0.5 0.0399549813 -0.003548957629
   -0.042033198770391314      0.78283480545275574     -0.62080824541308555      -1.1797620517200975
     0.99621211751320471    -0.014502656137048611    -0.085738497099183034      -1.7494915336465722
   -0.076122448206721344     -0.62206056002347232     -0.77925992617502171       3.3531492271884877
                       0                        0                        0                        1

0.5 -0.8256450417 -0.08297778577
    -0.11542261484186497      0.95984418598205112     -0.25568879251840354      -1.4019400743640318
     0.99255410764383634      0.10136445843836495    -0.067539543712139175       -1.789809981561127
   -0.038909682373590215     -0.26158055203311548     -0.96439704033952633       2.9110159899031878
                       0                        0                        0                        1

0.5 -0.4878665549 -0.1785743199
    -0.28792749269317686      0.95744237469043925    -0.020046398642955154      -1.4708494231517144
     0.95756211672613678      0.28755018996657006    -0.019740335892509585      -1.8135252108695237
   -0.013135888336184249    -0.024879457335735072     -0.99960415217239851       2.4176062161792746
                       0                        0                        0                        1

0.5 -0.8393065822 0.3081172197
     0.00855830416160323      0.92339113744037005      0.38376498371588874      -1.3793216649741211
      0.9990242193939568    -0.024524733070094524     0.036730730078982615      -1.8037959986385028
    0.043328564413928225      0.38307616052740756     -0.92270000040176059       1.9298644145205268
                       0                        0                        0                        1

0.5 0.7166396533 0.5500860574
     0.51602812842394863      0.85491766299882133     0.053204888571538989      -1.2711089249310159
     0.84417521517838146     -0.51810722999505499      0.13759761736812007      -1.7676365777905396
     0.14520047091455515    -0.026089992707644394      -0.9890582063390948       1.4457716792873925
                       0                        0                        0                        1

0.5 -0.1344299354 -0.4436248792
     0.10021174533349907      0.98815669513960003      0.11620650561821663      -1.2291304868566049
     0.98671906777320695      -0.1137075091818726      0.11600036055300365      -1.7053734732128967
     0.12784008522363485      0.10303857630245761     -0.98642788099464085      0.95153729765358541
                       0                        0                        0                        1

0.5 -0.4574943776 -0.2042006883
   -0.097803496068366469      0.93604154409862061      0.33802470897594816      -1.1150751866513575
     0.99185273283854924     0.063821504399428811      0.11024958928220274      -1.6505056958567805
    0.081624950336927571      0.34605352663665118      -0.9346573298192401      0.46894614940415702
                       0                        0                        0                        1

0.5 0.3653670154 -0.3220457391
    -0.39722755911764362      0.90217953827119435      0.16817356213808657     -0.98878396095625898
     0.91771009788853875      0.39135418615664036     0.068191474621699555      -1.6033965975369302
  -0.0042944744553775928      0.18142210918861862     -0.98339594049736956    -0.011823184241941787
                       0                        0                        0                        1

21
                       1                        0                        0                        0
                       0                       -1                        0      0.29999999999999999
                       0                        0                       -1                     8.75
                       0                        0                        0                        1

0.5 0.384534114 0.06070893956
     0.99816344665604095    -0.060298449524004302    0.0058164202680082884   0.00097071890033161251
   -0.060298449524004316     -0.97974266685926792      0.19096702259942849      0.34790414978587825
  -0.0058164202680082893     -0.19096702259942847     -0.98157922020322719       8.2530742962653374
                       0                        0                        0                        1

0.5 -0.2803364354 -0.4520359562
     0.92450390804513805      0.38009381086596339     0.028656918024382669    0.0070073588002676039
     0.37821600342384709     -0.92408256173607473     0.054991579804425567      0.40906750628535843
    0.047383317352836116    -0.040001425433140697      -0.9980755017532279        7.757275615940646
                       0                        0                        0                        1

0.5 0.9230465489 -0.3590689954
      0.7354429601812692      0.64278923071221827     -0.21434938115190938    -0.034335062838397837
     0.66331344995345976     -0.61839009878587503      0.42143677204823382      0.53408687816670275
     0.13834348351350428     -0.45212353467165395     -0.88116138701452318       7.2794956937345114
                       0                        0                        0                        1

0.5 0.9071519217 -0.450929185
        0.41387815734903      0.73448911810887973     -0.53780164210330506     -0.22062785085997244
      0.8167178004740101    -0.038648509687520843      0.57574154538979472      0.79441342746109445
     0.40209066795719967     -0.67751902414513321     -0.61586611098773669       6.9009497423243582
                       0                        0                        0                        1

0.5 0.8442634973 -0.2725482462
     0.23725305922239115      0.53422722410680157       -0.811364442721492     -0.56145665471756367
     0.76468373206441997      0.41241460320092704      0.49514945721736664        1.070103433849948
     0.59914086474354888     -0.73791291362176548     -0.31066824122299569       6.6682493998670971
                       0                        0                        0                        1

0.5 -0.2380040782 0.4592135174
     0.47068598013366331      0.46329914604656974      -0.7508718994463246     -0.95166272300455423
     0.85464250055425084     -0.02799477310662285      0.51846165617631423       1.3256981806449446
     0.21918235410723813     -0.88575967053779769     -0.40913188790019961       6.4890352180098425
                       0                        0                        0                        1

0.5 -0.7849135329 0.4676423508
       0.691036005467904      0.44963447354130054     -0.56594883103527982      -1.2806430554367729
     0.70564821842515324     -0.58930440385370153      0.39342205254922008       1.5629053757320066
    -0.15662002100743816     -0.67122958799644028     -0.72451432644065683       6.2020936032825418
                       0                        0                        0                        1

0.5 -0.9691231465 -0.197430087
     0.56663751196504741      0.78166034428680331     -0.26063199382174096      -1.4940226749882715
     0.82170960222943668     -0.55946980075426012      0.10856735995652617       1.6877975996600072
   -0.060952929691707187     -0.27568215069790758     -0.95931438650140866       5.7731136166698507
                       0                        0                        0                        1

0.5 -0.3030081382 0.4124497251
     0.83934547692190209      0.51937665796426291     -0.16045889670759039      -1.5976343350202944
     0.52619724611239604     -0.85036254496212549   1.758601638032764e-005       1.7167860821002845
    -0.13643910199966669    -0.084447790305073517     -0.98704252297361283       5.2853132875036621
                       0                        0                        0                        1

0.5 -0.9031405309 -0.4335051062
     0.53708651319609158      0.82927678404070049      0.15439589629901881      -1.6050194272501668
     0.82337845082311822     -0.47563437401054598       -0.309547846026617       1.6323063665800435
    -0.18326484677369775      0.29338022719792933     -0.93826544124053968       4.7968304365018133
                       0                        0                        0                        1

0.5 0.3530604048 -0.6119311076
    -0.04202294565518841      0.99903635920754164    -0.012665899881189741      -1.5683297505762188
     0.96229446049483836     0.037061039715153947     -0.26947328371506496       1.4913479196013755
    -0.26874419684787432    -0.023512386449934392     -0.96292456835622398       4.3191861428513851
                       0                        0                        0                        1

0.5 0.3196223425 -0.03629097423
   -0.078052622372925706      0.98211763351299108     -0.17132641968928966      -1.6144405393185914
     0.96110290596197434     0.028458643928454964     -0.27472042104146849       1.3552421861332105
    -0.26493205221746485     -0.18610496911311797     -0.94613738335362707       3.8408374987039351
                       0                        0                        0                        1

0.5 -0.8912922912 0.3913609271
     0.30448049938156752      0.91512532096855992      0.26426742595057018      -1.5899539804253544
     0.92339118376236362     -0.21549682487451233     -0.31766309231471118       1.2117029987666721
      -0.233752748104257      0.34074442826140644     -0.91063323427300591       3.3668041553196262
                       0                        0                        0                        1

0.5 0.6070208531 -0.08235174461
     0.22605494439355966      0.97379950011210004    -0.024772882283809639      -1.5293371091570487
      0.9416785540480701     -0.22496505837573721     -0.25026430699549851       1.0696012132884096
    -0.24928028995722995     0.033245392032939469     -0.96786056895991779       2.8932855643040885
                       0                        0                        0                        1

0.5 -0.2331429375 0.2842892706
     0.48990413962198459      0.86777618062131046     0.083417230399556619      -1.5141602394156717
     0.84508437653255919     -0.44922872894663185     -0.28987229193141151      0.93565806245074046
    -0.21407085397554435      0.21250423392319329     -0.95342310651824369       2.4120925862296194
                       0                        0                        0                        1

0.5 0.3352457052 -0.1678264039
     0.33759540449911152      0.93878044399040617    -0.068706774354907046      -1.5099862457039233
     0.91198452997395374     -0.34428396938672673     -0.22305327953541987      0.80816032198540511
    -0.23305269779444293      0.01264224681352713     -0.97238192786900268       1.9292441237381017
                       0                        0                        0                        1

0.5 0.8053344525 -0.4604730364
   -0.096744560685514833      0.88852062294347389     -0.44852156311810354      -1.6401418853767831
     0.98714788659605113     0.028066046194906408      -0.1573256083412215      0.71935212420815009
    -0.12719882061841845     -0.45797750998834635     -0.87981649244496329       1.4582488697741063
                       0                        0                        0                        1

0.5 -0.8039305951 -0.1756147769
    -0.26193632753713536      0.96251301028051373    -0.070413531065420143      -1.7711189169730051
     0.96193163495668754       0.2544911948704246    -0.099608038847161462      0.65131420090626624
   -0.077954409663034824    -0.093823966949634796     -0.99253220262111497      0.98404300136565204
                       0                        0                        0                        1

0.5 0.3113622209 -0.3218905314
    -0.55002870781202906       0.8083774320920627     -0.20974829645761356      -1.8421613440887628
     0.83491119400982738      0.52629753909092103     -0.16104098380202692      0.58791884338516254
   -0.019791884693306651     -0.26369836486236009     -0.96440212238941336      0.49370513846437381
                       0                        0                        0                        1

0.5 -0.972934756 0.4488439123
    -0.13762649371094823      0.96165707248268228      0.23722272903932787       -1.838422559026484
     0.99013563411973704      0.13992733932472512    0.0071948423060972377      0.55734661651156381
   -0.026274974312766861      0.23587287816436123     -0.97142864435393539  -0.00045331833363559948
                       0                        0                        0                        1

20
                       1                        0                        0                     1.25
                       0                       -1                        0      0.29999999999999999
                       0                        0                       -1                     8.75
                       0                        0                        0                        1

0.5 0.8940944592 0.4225977968
     0.91348631678585601     -0.39644297530218697      0.09151893999910847       1.2654482040258517
    -0.39644297530218686     -0.81667254042832504       0.4193792186600277       0.4082813738037071
   -0.091518939999108456      -0.4193792186600277     -0.90318622364246914       8.2663419612344597
                       0                        0                        0                        1

0.5 -0.08253583964 0.06209672012
     0.88701371443182042     -0.45578682483858257     0.073925913680035815        1.306911468452133
    -0.44688180252076931     -0.80709950377626039      0.38585884152096606      0.60957442651910687
     -0.1162038079653714     -0.37529822982220046     -0.91959116660974394         7.81057180953478
                       0                        0                        0                        1

0.5 0.4000489442 -0.4511406232
     0.99267527566636693   -0.0030875060354190343      0.12077360799108358       1.3593747084217698
   -0.069865148417090073     -0.83023447897788472       0.5530185991022164      0.84410018443021884
     0.09856296524232952     -0.55740575635958522     -0.82436894935449745       7.3730578357110943
                       0                        0                        0                        1

0.5 -0.479853394 -0.2236193149
     0.97196637008601416      0.18663992514217498        0.142992705285064       1.4234161827083429
     0.12891470441938799     -0.93164147898854011      0.33974277565903727       1.0683061105718643
      0.1966275016529469      -0.3117846900843087     -0.92958481733661724       6.9321095200201466
                       0                        0                        0                        1

0.5 0.4161128872 0.5255796405
     0.94182325193823779     -0.29827361304734995      0.15492518797201182       1.4936693735833353
    -0.33432493742315689     -0.78394578538245718      0.52312124961435458       1.2853093643417368
   -0.034580317024074408     -0.54448311024379958      -0.8380586759492159       6.4881705547414308
                       0                        0                        0                        1

0.5 -0.4623119454 -0.4900028696
     0.97916518125486296      0.14960511210742827      0.13730935237432351       1.5623930126773418
    0.099364230917035154     -0.94269018953789141      0.31853093438986357       1.4972588895663135
     0.17709403556415565     -0.29825076191074057     -0.93791480721186193       6.0417939132501521
                       0                        0                        0                        1

0.5 -0.9616907178 -0.1275541563
     0.95718196543522249      0.18794505312601717      0.22018024900300159       1.6509940765672795
     0.22348634078551896      -0.9631928732030226     -0.14937651921638739       1.5399599735801437
     0.18400146881985469      0.19218778841633924     -0.96395399965754158       5.5564598958190308
                       0                        0                        0                        1

0.5 0.05212616222 0.1917365052
     0.97600231206332122    0.0077567204660883848      0.21762196611248286       1.7602488304968842
    0.035490142892866623     -0.99166960001173898     -0.12382186466856465       1.4716294336585709
     0.21484863649671029      0.12857386087446943     -0.96814710953208771       5.0733654930835881
                       0                        0                        0                        1

0.5 -0.5319128837 -0.1007396506
     0.97320792187810157      0.04734631468123756      0.22499926062059095       1.8704648318273498
     0.13222288279681663     -0.91581905172264588     -0.37919991266709419       1.3450323148256618
     0.18810489110761203      0.39879040984950709     -0.89754262236032856        4.603944606129482
                       0                        0                        0                        1

0.5 0.2802417553 -0.5340191646
     0.80570394754682539      0.56397053358117211      0.18104802169488315       1.9750083307909081
     0.59226952738397898     -0.76315164700548166     -0.25848862761285557       1.1865060697546241
  -0.0076128732959527198      0.31549453390667193     -0.94889685595178963        4.141845935799588
                       0                        0                        0                        1

0.5 -0.5642066868 -0.3212435293
     0.59713647947436554       0.7146913191720049      0.36420371110292149       2.1095442252341594
     0.78839372579195688     -0.43922441491685349     -0.43071713046130755       1.0103854407105406
    -0.14786263223964502      0.54433283167665603     -0.82573507273582392        3.695489888311438
                       0                        0                        0                        1

0.5 0.2844635989 -0.4983483011
     0.17157557902249632       0.9547964429981235       0.2427459023778292       2.2627109801839174
      0.9168117255681395    -0.064563124871358152     -0.39406581019877185      0.80642007322029863
    -0.36058019987773071      0.29016435919143613     -0.88644603000473676       3.2659315415937664
                       0                        0                        0                        1

0.5 0.6961581334 0.05313331952
      0.2232472096265494      0.97004699468717781    -0.095757566240659037       2.2996797058595733
     0.90856433802640191     -0.24266406347512048     -0.34003675678430323      0.62030602777836408
    -0.35308855413423451    -0.011089652659906579     -0.93552418062991727       2.8060607582313581
                       0                        0                        0                        1

0.5 -0.02389207017 -0.1442218043
    0.081433030570277884      0.99313182438782988    -0.084010957143942008       2.2547260804930009
      0.9337147906306863     -0.10550165712809988     -0.34211999371670343      0.44969854352275607
    -0.34863354871502616     -0.05058240535330398     -0.93589319314708197       2.3382260792272729
                       0                        0                        0                        1

0.5 0.4730083994 -0.5963864429
     -0.4793208183389811      0.82242325793965498     -0.30638462413569884       2.1554333100197152
     0.85528519514579104      0.35943348651181994     -0.37322219084398262      0.27547636919003804
     -0.1968217164625759      -0.4409393989811764     -0.87569038955263401       1.8814568219149628
                       0                        0                        0                        1

0.5 0.158912119 -0.37883249
    -0.74463827253824943       0.5607553719274746     -0.36203212001938634       1.9874606571920173
      0.6674319855219456      0.61990104648314259     -0.41262239065680456      0.07987970676257794
  -0.0069561320778315627     -0.54888624087654436     -0.83586811567551234       1.4532089237214354
                       0                        0                        0                        1

0.5 -0.7492790115 -0.1218029803
    -0.81388821645334208      0.56158235147806768     -0.14903433707290972       1.8596811002717026
     0.57968344771892333      0.80224442515449301     -0.14272695172684743    -0.061811394715581308
    0.039409028903278173     -0.20255652252371464     -0.97847727803153417      0.99420234045288869
                       0                        0                        0                        1

0.5 -0.3650927916 -0.03218846186
    -0.83187752499377299       0.5529642699939542    -0.047013822651300621       1.8107346478969668
     0.55329048671187375      0.83295936574926399     0.006952145332220161    -0.095988851112187162
    0.043004891865599144    -0.020228967364559397      -0.9988700456791122      0.49847791313104667
                       0                        0                        0                        1

0.5 -0.0048060189 0.2695446161
    -0.65457508119212049      0.75463056601856449    -0.045433158737090446       1.7876026861377563
     0.75512082709694395      0.65552722913041117    0.0087514771913812777    -0.092045158467459268
    0.036386804843998068    -0.028579025510079074     -0.99892904639625868  -0.00097102282072064616
                       0                        0                        0                        1

22
                       1                        0                        0                    -1.25
                       0                       -1                        0     -0.29999999999999999
                       0                        0                       -1                     8.75
                       0                        0                        0                        1

0.5 -0.9666478559 -0.474683573
      0.8915810195406616      0.43920017110401838      0.11039246032694226      -1.2313151161760461
     0.43920017110401838     -0.77917915738142496     -0.44719464487466021     -0.41628005117771266
    -0.11039246032694226      0.44719464487466021     -0.88759813784076358       8.2690249925567496
                       0                        0                        0                        1

0.5 -0.7010003692 0.2857091561
     0.97162381109136109      0.11152905136149255      0.20858676952938504      -1.1467685542040968
     0.22848102359343911     -0.67066023500896343     -0.70569913634311343     -0.70609375327714097
    0.061184896649365828      0.73333220294770074     -0.67711172530231578       7.8736544129243065
                       0                        0                        0                        1

0.5 -0.593089133 0.1688694726
     0.97120206604614367     -0.11647540658304889      0.20784616082337365      -1.0398376099128981
     0.13168505288998703     -0.46459259260342262     -0.87567846253256199      -1.1039892853338806
     0.19855879167909837      0.87783096468474153     -0.43587521572990662       7.5936187725303492
                       0                        0                        0                        1

0.5 0.6237325282 -0.569853426
     0.86295397665159579      0.48293588161560053      0.14860473891959175     -0.94288054022453271
     0.43267721153382771     -0.55437901285061875     -0.71095312133085453      -1.5018221935966163
    -0.26096142397011191      0.67781770732176705     -0.68735892431869616        7.310192714330463
                       0                        0                        0                        1

0.5 0.3222219632 -0.2523948737
     0.71259614748561717      0.69959783651781948     0.052626967689991339     -0.89111599299241007
     0.57118655952940589     -0.53496881286611409     -0.62253857990776851      -1.8350646239295845
    -0.40737285722249239      0.47367841031675451     -0.78081759636817583       6.9417761535385072
                       0                        0                        0                        1

0.5 0.7425837871 0.04017897922
     0.73987588075713051      0.64249352688071315       -0.199463653306169     -0.92871065677601039
     0.54514268368295726     -0.74632160500765965     -0.38186845421654575      -2.0894437408251814
    -0.39421204383022579      0.17379910763629913      -0.9024360003257974       6.5163126528403206
                       0                        0                        0                        1

0.5 0.8338361266 0.2125575303
     0.84642303752179737      0.34166849367116947     -0.40844911798760081      -1.0859338318519283
     0.36352788269085412      -0.9312303347526848    -0.025642584555920167      -2.1945454443353833
    -0.38912147211208881     -0.12677816873924758     -0.91242083266026108       6.0573577820622768
                       0                        0                        0                        1

0.5 0.8499767291 0.4251890899
     0.87306387698349197     -0.22015253688816086     -0.43507738071320357      -1.3068245426993017
   -0.043129386192552639     -0.92364166288777494      0.38082270760100423      -2.1056152180821375
    -0.48569468058977971      -0.3137179291650592      -0.8158932149289998       5.6219488569740488
                       0                        0                        0                        1

0.5 0.3603261025 0.5551890126
     0.60573488450179325     -0.71536947549445962     -0.34832709229742886      -1.5064144338539931
    -0.50232781062926379     -0.68333044336953841      0.52983608392860604      -1.8761362262902455
    -0.61705106787526909     -0.14596581344675175      -0.7732670696071432       5.2259252753633145
                       0                        0                        0                        1

0.5 0.9526918214 0.03499922605
      0.5784258474588323      -0.8154005966038802      0.02335393006688169      -1.5896507067660461
    -0.52070966087841375     -0.34703859479634214      0.78001645033272726      -1.5419729406851554
    -0.62792116388876351     -0.46334229332084215      -0.6253230614336589       4.8699544532399575
                       0                        0                        0                        1

0.5 0.2021051585 0.08745593484
     0.50522058639189482      -0.8562132034521267      0.10794030442831755      -1.5569990417823947
    -0.54553998099633649      -0.2199521537370851       0.8087071034688238      -1.1442567923566518
    -0.66868399728148664      -0.4674612286603731     -0.57822289082929546       4.5690506171329215
                       0                        0                        0                        1

0.5 -0.8436870463 -0.4107792582
     0.80463894296101623     -0.55923056953612216     -0.19954283140940871      -1.5851500952529372
    -0.34753939695525798     -0.71605823968140481      0.60537340951543606     -0.78196589479881173
     -0.4814276051854055     -0.41775802503443626     -0.77052299997130058       4.2309854304935364
                       0                        0                        0                        1

0.5 -0.8897403227 -0.3903381274
     0.93404995795239332    -0.084372158332844491     -0.34703316116387267      -1.7306480088118903
  -0.0073109385580458278     -0.97600764773698445      0.21761346864640457     -0.57137231982320036
    -0.35706753734627472     -0.20072471312017509     -0.91225674199552531        3.806243826477639
                       0                        0                        0                        1

0.5 -0.3402032922 -0.5178996928
     0.83850874719978441      0.44414658956406489     -0.31565311316072725      -1.9000841744325103
     0.48380525478746061     -0.87336235435393794     0.056308733224855578     -0.50362290362285078
    -0.25067021424471003     -0.19993000018996113     -0.94720242752779804       3.3413733734197626
                       0                        0                        0                        1

0.5 -0.5538038416 -0.4131529539
     0.57469237058200628       0.8065062947017646     -0.13883902837914486      -2.0179053026221609
     0.79265153393583221     -0.59076013403615901     -0.15068513457787749     -0.53049107205113455
    -0.20354907256975419     -0.02345337161286043     -0.97878379349884115       2.8578322606305742
                       0                        0                        0                        1

0.5 0.6474554888 -0.04385726787
     0.54037608273553894      0.74445892356426724     -0.39214104647808429      -2.1514887494483053
     0.81840692091118539     -0.57328504359125254     0.039425506962496637     -0.55806984313137764
    -0.19545792644983195     -0.34223554742327511     -0.91905986152580044        2.379063735885389
                       0                        0                        0                        1

0.5 -0.9104215656 -0.5932299122
  -0.0025012697193277644      0.99969836366949427     0.024432055302964051       -2.248302877035655
     0.99533666530011145    0.0048448579601760994    -0.096340282647506353     -0.58336756044801641
   -0.096429592755786775     0.024077147419942657     -0.99504855389728175       1.8935231152086314
                       0                        0                        0                        1

0.5 -0.4917333531 -0.308652512
    -0.30208213842501069      0.91626375883770173      0.26307243467375879      -2.1755697867838766
     0.94347246371298354      0.32685137546198645    -0.055026253497417417     -0.62451656561390789
    -0.13640414898355163       0.2315791497506075     -0.96320558840823745       1.4018282993799773
                       0                        0                        0                        1

0.5 -0.4768546768 0.4473429022
     0.10632425339348116      0.87038917110166347      0.48074717260663968      -1.9891571813111855
     0.99397975354324564     -0.10589744534171729    -0.028106593820816476     -0.64098212085598394
    0.026446222536104985      0.48084136874759165     -0.87640868059057553      0.93943777292871222
                       0                        0                        0                        1

0.5 0.3787746248 -0.05528335881
    0.055847264625785771      0.94980243210858684      0.30782531246541617      -1.7913869921292815
     0.99842887101107247    -0.054536971495305141    -0.012865001814128273     -0.65081946400762236
   0.0045686502793192262      0.30806015435420087     -0.95135591065273306      0.48113229938317464
                       0                        0                        0                        1

0.5 0.5558876065 -0.3096728795
    -0.24556277590942388      0.96866289380575066     0.037297737887540205      -1.7048871737467113
     0.96819351469013015      0.24698405326933376    -0.040002444208144618     -0.66053429419243681
   -0.047960829847206524     0.026288316692415215     -0.99850322142987924   -0.0096051370173486639
                       0                        0                        0                        1

21
                       1                        0                        0                        0
                       0                       -1                        0     -0.29999999999999999
                       0                        0                       -1                     8.75
                       0                        0                        0                        1

0.5 -0.7400747924 -0.5363270756
     0.86119380388699962      0.49917285529975175     0.095768954669732273     0.016190861611449239
     0.49917285529975169      -0.7951182760260771     -0.34440294374643809     -0.38928223003738194
   -0.095768954669732287      0.34440294374643821     -0.93392447213907759       8.2611708406047555
                       0                        0                        0                        1

0.5 -0.4047625447 0.4122453104
     0.98399150019674519     0.086070224036311135      0.15605333727574769     0.082642251040809397
     0.15523017759019689     -0.84408244081877193     -0.51325278865948731     -0.60328181154813132
     0.08754609931844462      0.52926056875206928     -0.84393064339337831       7.8151427329660237
                       0                        0                        0                        1

0.5 -0.7206880306 0.3108641539
     0.95451821731117059     -0.27209940517622688      0.12188882854408338      0.15752588034582188
   -0.076523280330412141     -0.61869678776915582     -0.78189415675755092     -0.93046540641878339
     0.28816516164966693      0.73700488363841399     -0.61137929397760082       7.4481842682981982
                       0                        0                        0                        1

0.5 0.8815151225 0.2095470143
     0.88471136650983284     -0.38088805320726277      0.26871934967971017       0.2531720563175418
    -0.23483349428398942     -0.86216910231210309     -0.44890719417348846      -1.2426549392625237
      0.4026649077467227      0.33404899332631438     -0.85221607713478387       7.0748556378001899
                       0                        0                        0                        1

0.5 -0.8072055108 -0.2680218638
     0.96594248984522801     -0.21336135908735138       0.1463968468239682      0.35412276204324195
   -0.028225962940856771     -0.64927625305207148      -0.7600287114568266      -1.5484831732200517
     0.25721275498634111      0.73001183392535585     -0.63318585028510865       6.6968201384151813
                       0                        0                        0                        1

0.5 0.7023136527 -0.09776638865
     0.97929240871670287    -0.056706388862489472      0.19434701873714244      0.44160592297313511
    0.046891031774461134     -0.87033429970367426     -0.49022386508455668        -1.86428792109754
     0.19694570157524521      0.48918564187994262     -0.84965275166360987       6.3225790033375731
                       0                        0                        0                        1

0.5 0.4944568193 0.2572540939
     0.93906468960689182     -0.25271575515104761      0.23300698665908823      0.54642099883026896
    -0.18924556237844278     -0.94597278555252562     -0.26328996584386272      -2.0534472029470585
     0.28695579076502314      0.20315077182337057     -0.93615497544690218       5.8731743032376418
                       0                        0                        0                        1

0.5 0.9276148751 -0.5467951348
     0.90293619053374374      0.37915162950999276      0.20236174950896377      0.66758014194386273
      0.3438924527615152     -0.91980555640780082      0.18893310809650468      -2.0715263409054847
     0.25776775740592572     -0.10100386250660914     -0.96091310897534699       5.3929784111800148
