2
19
                       1                        0                        0                        0
                       0                       -1                        0                    -0.75
                       0                        0                       -1                     8.75
                       0                        0                        0                        1

0.5 -0.1275920533 -0.8144386377
     0.68638438626958309      0.72682390585590573     0.024565914631725222     0.004187621638739235
     0.72682390585590584     -0.68446010656132872    -0.056933051933126838     -0.76508150123007446
   -0.024565914631725222     0.056933051933126831     -0.99807572029174563       8.2503280217922299
                       0                        0                        0                        1

0.5 -0.2179159627 -0.05887877418
     0.64258967320396876      0.75889723561333355      0.10561012105881305     0.036585983104223181
     0.76558050982128767     -0.63034485166840593     -0.12865399704988945       -0.811724005010238
   -0.031064366618267166      0.16352478024316683      -0.9860500247822267       7.7538125442876362
                       0                        0                        0                        1

0.5 -0.1686242293 -0.8479037538
     -0.1395929673518144      0.97307910284373622      0.18338719441319976      0.10807362481995039
     0.97440706707510205      0.16794305795426542     -0.14941886400006005     -0.88408114241137092
    -0.17619498034851486      0.15783595564319192     -0.97161882444000991       7.2644155629412399
                       0                        0                        0                        1

0.5 -0.3856539971 0.5586008913
     0.38444075881209822      0.84823588811475736      0.36428173311071588      0.24599979129389812
      0.9230187111225272     -0.34654679734004024     -0.16715793780455246     -0.95906743477064382
   -0.015548693890078125      0.40050118023238102     -0.91616430990886266        6.790508652831206
                       0                        0                        0                        1

0.5 0.3849480229 -0.09170169878
     0.30243106983297274      0.93360251930284188      0.19215042011681982      0.38579296790504652
     0.95216079233583206     -0.28662813874789617      -0.1059912053725135       -1.026873823432503
   -0.043877939082013234      0.21501312989978988     -0.97562496915188224        6.316072636997105
                       0                        0                        0                        1

0.5 0.4554767567 0.3145489123
     0.58079108983449501      0.81399852651394411   -0.0093866288936455822      0.43034611871228601
     0.81398752175172673     -0.58085186852968496   -0.0059515760985508204      -1.0576584795108865
   -0.010296815106724796   -0.0041839764222312559     -0.99993823306240071       5.8200966066460218
                       0                        0                        0                        1

0.5 0.08276256779 -0.5875122478
    0.032468982579627992      0.99831910675169389    -0.048007564661659174      0.41631723226956213
     0.99945730145875544    -0.032163998883999255    0.0071119432346999972       -1.056416813941722
   0.0055558735611331619    -0.048212428587343203     -0.99882165274821844       5.3203302778995436
                       0                        0                        0                        1

0.5 -0.3039452839 0.3235808004
     0.34815509461118183      0.93206035790521258      0.10025726566132551      0.42980011713174809
     0.93732793390058899     -0.34774899289948991    -0.022067674708597926      -1.0581531321135438
     0.01429595837755086      0.10165690905687355      -0.9947167930698011       4.8209946372648327
                       0                        0                        0                        1

0.5 -0.3301492676 -0.1847414563
     0.17333107590342511      0.95088346200518847      0.25647023182269735      0.51885239149018303
     0.98466805364122745     -0.16212823425922282    -0.064368158233586034      -1.0810401182729334
   -0.019625551318582742      0.26369504610631939     -0.96440642905075424       4.3300981738449522
                       0                        0                        0                        1

0.5 -0.3464964882 -0.3413496326
      -0.145867479047254       0.8964377087802422      0.41847594056675252      0.68798292411182516
     0.98011911097459881      0.18845466325590302    -0.062059392516093687      -1.1151839529365828
    -0.13449612209562553      0.40110381969501807     -0.90610513681763483        3.861475941880546
                       0                        0                        0                        1

0.5 0.2880493239 0.5319124081
     0.34293547956986692      0.89472250339942927      0.28612392203876136      0.86412254429362312
      0.9378664285744398     -0.34328458447229659    -0.050618733851293035       -1.146560734385311
    0.052932211414321535      0.28570498066071748     -0.95685466243335426       3.3950399499540027
                       0                        0                        0                        1

0.5 0.3531787025 -0.8651743838
    -0.47510644850782591      0.87182338804457671      0.11915470047276949      0.96527147975559502
     0.87258416884063317      0.48426037527061866    -0.063943390834874186      -1.1690316554808013
    -0.11344924360692026     0.073592587950381289     -0.99081451348059246       2.9065412908304396
                       0                        0                        0                        1

0.5 0.1223896791 0.5823278502
    0.084407081015337698      0.99460164699791054     0.060357339765046564       1.0104643515739713
     0.99386531793699995    -0.079690760760862664    -0.076688411454024344      -1.2056358445658604
   -0.071464498014447722      0.06646011163395707     -0.99522654661395815       2.4100127347505711
                       0                        0                        0                        1

0.5 0.2351809756 -0.5085149423
    -0.41114204481457295      0.90995647983569683    -0.054234894585663655       1.0115783398337024
      0.9092057558921649      0.40506527663077257    -0.096265337066844481      -1.2464883152155437
   -0.065628594669160142    -0.088889405853916692     -0.99387703519534487       1.9119722098498169
                       0                        0                        0                        1

0.5 0.1716382361 0.0596689334
    -0.35635221490022073      0.92483206949973651     -0.13303661962234511      0.96481366305262206
     0.93146824552667873      0.34045558234902229     -0.12828446524361189      -1.3028568389964488
   -0.073348527668645885     -0.16963383999727735     -0.98277380602894571       1.4175207212844931
                       0                        0                        0                        1

0.5 0.1084664552 0.6123435867
     0.23755350418195095      0.95347117749656474     -0.18563686685082009      0.88521041905074649
     0.95579228359589186     -0.26352768248627845      -0.1304387641077695      -1.3689111524643751
    -0.17329005531024219     -0.14644409939196812     -0.97392231850586941      0.92839942547100562
                       0                        0                        0                        1

0.5 -0.1932441767 -0.5447874203
    -0.29491015173412161      0.95116269539917397    -0.091200489500519996       0.8160104214944548
     0.95054405492698546      0.28230070855939898     -0.12950795184013256      -1.4361065872125274
   -0.097437169740926241     -0.12488329282909891     -0.98737539017591425      0.43798775008025342
                       0                        0                        0                        1

0.4430365902 -0.4211352919 -0.8906512926
    -0.92784445974358631      0.37066363677245667      0.04138993715564275      0.80903149202717795
     0.37066061481461565      0.92873366109170874   -0.0080309015959343227      -1.4710895534445387
   -0.041416991059026805    0.0078901920007151127     -0.99911079351681897   -0.0029827587295128688
                       0                        0                        0                        1

20
                       0                        1                        0                    -0.75
                       1                       -0                        0                        0
                       0                        0                       -1                     8.75
                       0                        0                        0                        1

0.5 0.09190825792 -0.6559666171
    -0.60970446252869148      0.79147713193302038    -0.042713206384908289     -0.76108047926059208
     0.79249551947878327      0.60970446252869148    -0.014536848993259298   -0.0024582763954952291
    0.014536848993259298    -0.042713206384908289       -0.998981612454237       8.2501722160054332
                       0                        0                        0                        1

0.5 0.402112796 -0.06872667392
    -0.66196316440109848      0.72356616540153362     -0.19559338757280267     -0.82122647022004702
     0.74914261689403749      0.64714888682128957     -0.14136356616582246    -0.041119458854082552
    0.024292149539254154     -0.24010481580361104     -0.97044297560375814       7.7561612048031749
                       0                        0                        0                        1

0.5 0.312514012 -0.6500984678
    -0.95376224484229377      0.14044639989913882     -0.26572991752672342     -0.94038241074014839
     0.21350731991663804      0.93885894537369541     -0.27010832092663606     -0.14207388839032695
     0.21154716886643138     -0.31435440103037116     -0.92543454976428974       7.2817047654621812
                       0                        0                        0                        1

0.5 0.4689714469 0.6857928205
    -0.67147042040200078      0.64645321081623408     -0.36225090855723407      -1.0923899788570579
     0.73363102655725498      0.51100643096456067     -0.44794859569532058     -0.32580539997385588
    -0.10446526407236148     -0.56654273778616482     -0.81738383570024697        6.843514383912277
                       0                        0                        0                        1

0.5 0.2540227992 -0.7727455115
    -0.91417034637845729    -0.050738490362733764     -0.40214199407423462      -1.2872161132342395
     0.19070533407429408      0.82162202297194653      -0.5371859332885569     -0.57042815964798999
      0.3576647219924029     -0.56777007402926483     -0.74142638857738286        6.453805265232508
                       0                        0                        0                        1

0.5 -0.03257337864 -0.2365825058
    -0.87758585912234266     -0.25708543324978722     -0.40466052424133042       -1.488776581867912
  -0.0082014229572955431       0.8519905646220729     -0.52349289819102318     -0.83561849531805032
     0.47934934706326127     -0.45609117268999033     -0.74980333799223298       6.0809219758131308
                       0                        0                        0                        1

0.5 -0.3927078273 0.7276840625
    -0.79832189720948532      0.46452600293376806     -0.38327241100061477       -1.691720280939923
     0.59245640903450381      0.71998237044909763     -0.36141498258434052      -1.0557550860969447
     0.10806272173968226     -0.51559769088008467     -0.84998909953559809       5.6814653865439668
                       0                        0                        0                        1

0.5 -0.3690831137 -0.4305105609
    -0.93338359412392935      0.15140917404692522     -0.32537720915073809      -1.8664662082523802
     0.22570426916346664      0.95255358415697255     -0.20420394754042093      -1.1989546859289053
      0.2790208757453117     -0.26403963968338828     -0.92327158494897155       5.2362088172887216
                       0                        0                        0                        1

0.5 -0.3460215973 0.2892725107
    -0.84366061656170921       0.4630419006968905     -0.27171485469463574      -2.0179899823250018
     0.49177133034955051      0.86955705173165243    -0.045072080382313112      -1.2606742529195325
     0.21540130619137246     -0.17164711469397709     -0.96132176991280271        4.764393176306033
                       0                        0                        0                        1

0.5 -0.3371511302 0.7930784422
    -0.24707580829973028      0.95810014523172404     -0.14490568194513193      -2.1256611018055955
     0.96476908488539981      0.25718467432573477     0.055467613445634084      -1.2537262000085125
    0.090411049116926268     -0.12609581673836262      -0.9878895116351134       4.2767668430865404
                       0                        0                        0                        1

0.5 -0.4286243701 -0.5955765478
    -0.74691785805366817       0.6639967564025353     0.034957414198308612      -2.1505042158934851
     0.65957386042386323      0.73324065750926593      0.16528902208235674      -1.2028167251449307
    0.084119177160040193      0.14651431896675382      -0.9856254452740284       3.7809373726800493
                       0                        0                        0                        1

0.5 -0.04900332773 -0.2461979991
    -0.88610351306585777      0.46091021560286849     0.048809192630713316      -2.1293550207616749
     0.46149582383758825      0.86763814237516124      0.18500177965696846      -1.1153813716467833
    0.042920492923663976      0.18645596544143417     -0.98152534569337191        3.289108856742867
                       0                        0                        0                        1

0.5 -0.265079705 0.4686936843
    -0.58458717925203973      0.80017627812595349       0.1340736878684253       -2.085515345689823
     0.79693423427402421      0.53532680989989867      0.27985895169615838     -0.99732370393589931
     0.15216325475034398      0.27044986693820827     -0.95063305926992037       2.8056035551849772
                       0                        0                        0                        1

0.5 -0.3694827782 -0.6644877223
     -0.9431993410836732      0.23605953444137154      0.23377531772761456      -1.9891759529858362
     0.31618502260403181      0.85383285342976578      0.41351721836565902      -0.8264510398622783
    -0.10199036454593113      0.46394542200921363     -0.87997307398379021       2.3464506351534409
                       0                        0                        0                        1

0.5 0.3153775451 0.387077758
    -0.77779519467436409      0.60609253397776119      0.16639253408096188       -1.886695629608125
     0.62623905682479086      0.72480137013171264      0.28720657646089592     -0.65212035386983092
    0.053472225020692835      0.32758939865570874     -0.94330583960862247       1.8897323784307032
                       0                        0                        0                        1

0.5 0.3242259249 0.7095674013
    -0.18824425281144835      0.98161053817710586     0.031699410453693261      -1.8346134471829718
     0.96130187326863759      0.17754688386608208      0.21065567279248015      -0.5313843907663518
      0.2011536967934415     0.070127422375960369     -0.97704622966225929       1.4078897295706163
                       0                        0                        0                        1

0.5 -0.02803483861 0.8397581048
     0.60490904746979279      0.79502549658890298      0.04493889254038165      -1.8153435916472405
     0.77281889316083208     -0.59974225805272863      0.20750947515590962     -0.42638369245429597
     0.19192707641928716    -0.090794733764586411     -0.97720024235453562      0.91942322348421057
                       0                        0                        0                        1

0.5 0.3829330148 0.2784059912
     0.80002654920188387      0.59328938529552344    -0.089248114085315938      -1.8280333723190159
     0.58481772967277068      -0.7379379129472009      0.33680240452751498     -0.29141031940832729
     0.13396172450559196     -0.32164474491399542     -0.93733607336787095      0.43894396207606939
                       0                        0                        0                        1

0.4672900642 -0.3202086657 0.5375174726
     0.99352952766576708      0.10792211723398137    -0.035382117912480381      -1.8543097191870779
     0.11291425030055395     -0.97213471976556021      0.20543723787424761     -0.16334698587084423
   -0.012224963611471039      -0.2081031072282945     -0.97803049391449304   -0.0092369557787604917
                       0                        0                        0                        1
