5
22
    -0.70709999999999995                        0      0.70710678118654757      0.35354999999999998
     0.70709999999999995                       -0      0.70710678118654757      0.35354999999999998
                       0      0.99999040995401556                        0                     8.75
                       0                        0                        0                        1

0.5 0.5157016427 -0.4887528231
    -0.66820593553457064     -0.15508553030805691      0.72762608254888572      0.71055846827850155
     0.58133730748050882      0.50146401849285682      0.64075828756896158      0.69593150926561054
    -0.46425063814209422      0.85115467867810712     -0.24492422899547206       8.6871616858297891
                       0                        0                        0                        1

0.5 0.5016133841 0.7882015813
    -0.51306449978864688      0.52604063476333929      0.67825989092265226        1.069230429531679
     0.82232629072416807     0.074759174375674114      0.56407530297868735      0.99262903258272228
     0.24602038097571952      0.84715795341529321     -0.47093332236079155       8.5081550469462375
                       0                        0                        0                        1

0.5 0.8960048407 0.3217464587
     -0.2787185940429811      0.89355147021528658      0.35195472068265138       1.3336793601453762
     0.84331640199865354     0.052392166942067525      0.53484849907535426        1.266940330903775
     0.45947499220916815      0.44588141040081603     -0.76814928197152121       8.1908556023239356
                       0                        0                        0                        1

0.5 0.9186560176 -0.1326396156
    -0.40088842656339552      0.91335715877038948    -0.071116664505626148       1.4042693806150151
     0.81336588533597864      0.39058009457202797      0.43113053278064695       1.5149323474251832
     0.42155291202795075      0.11499137214211119     -0.89947259363119503       7.7675930817457948
                       0                        0                        0                        1

0.5 0.394351488 -0.9395082592
    -0.96329079918742611      0.19048359976574775     -0.18914873623984724       1.3331708846170547
     0.13103932456893277      0.94863877268185293      0.28792982544568824       1.6993542559729304
      0.2342797346317107      0.25257422902353593     -0.93877584373164469       7.3091790568017903
                       0                        0                        0                        1

0.5 0.857004669 0.06296002202
    -0.95230165384840304       0.1531258378871862     -0.26394023537335581       1.2192295517862868
     0.19248379388698517      0.97261159737976588      -0.1302577434675245       1.7392016377228499
      0.2367655078295125     -0.17484888239477281     -0.95569387495553815       6.8279063371919539
                       0                        0                        0                        1

0.5 0.667773921 0.2809335573
     -0.8858322379502952      0.31254571269758147      -0.3429385275560784       1.0697347736141447
     0.44364544965246472      0.78697717149157564     -0.42876107163988181       1.5968561630884848
     0.13587735769890286     -0.53195349689749516     -0.83578923228484503       6.3750516990969128
                       0                        0                        0                        1

0.5 -0.02777467854 0.3016028571
    -0.75229602207683055      0.56622761419351852     -0.33678983668170814      0.89965566877680825
     0.65827631387278274      0.62546272259022329     -0.41887836807847362       1.3850399040392769
   -0.026531010802690845      -0.5368213022801227     -0.84326734484625954       5.9552903758055242
                       0                        0                        0                        1

0.5 0.3040517736 0.08680481063
    -0.70278490769831459      0.57160339657110792      -0.4235012875303249      0.70961695755001486
     0.70706200931958363      0.49569719994175732     -0.50431935412678008       1.1534180650467754
   -0.078342253374903914     -0.65386970205108641     -0.75252755702084806       5.5555998385690684
                       0                        0                        0                        1

0.5 -0.5773713631 -0.931842405
    -0.92578084290581564     -0.13156321819092182     -0.35441693036287586      0.52373276098001775
   -0.031010447398118701      0.96074878957525045     -0.27566379066148211      0.95273758794931385
     0.37677285228924295      -0.2442136289011794     -0.89352265849095547       5.1390797367045327
                       0                        0                        0                        1

0.5 0.1943214377 -0.7289121627
    -0.59124543456945511     -0.74459908728889235     -0.30982486231631423        0.355167861697475
     -0.6526785898437395      0.66742622375803085     -0.35852936309273276      0.79299098133170287
     0.47374587440724736   -0.0097627948525301211     -0.88059658999951818       4.6965077325696933
                       0                        0                        0                        1

0.5 -0.9607233359 -0.1603714365
    -0.48111115466381371     -0.59941014498283829     -0.63971082916400857      0.11486547434109462
    -0.76049979511575383       0.6483557057593532    -0.035571764620068835      0.69484903871729931
     0.43608224271274376      0.46938598176276741     -0.76778245468050799       4.2747815306990722
                       0                        0                        0                        1

0.5 0.9946437823 -0.9365905403
     0.30833572484349248     -0.92535937503911503     -0.22052101444636762     -0.10707680011567455
    -0.94918023419761732      -0.2839307013614209     -0.13575952943703956      0.63232556599422762
    0.063013667018774699      0.25117370105108111       -0.965878806926184       3.8367573939741164
                       0                        0                        0                        1

0.5 0.393994025 -0.3745659147
     0.63139584187108821     -0.77380104641734426     -0.05061266078088858     -0.17361246703881847
    -0.77544453066113017     -0.62984607170238482    -0.044385986851847137      0.58444132921033554
   0.0024677375009781247     0.067272438520348865     -0.99772197995591527       3.3443431719352952
                       0                        0                        0                        1

0.5 -0.546365696 0.4778260754
     0.21298421687487901     -0.93307470572927476     -0.28982706376461809     -0.25690022652574623
    -0.97229825437816364     -0.17320247585032317      -0.1569312489356165      0.52888778533436298
    0.096229813907867251      0.31522222732763661     -0.94411630126476509        2.856046929969517
                       0                        0                        0                        1

0.5 -0.06079856539 -0.1567504751
     0.35532333912098646      -0.8791888208241655     -0.31743149184308095     -0.40878314829097606
    -0.93371732887663084     -0.31801036151853573     -0.16441341101728352      0.44873511732461369
    0.043603929481578631      0.35481120686397877     -0.93391034088797409        2.386490103253625
                       0                        0                        0                        1

0.5 0.4954088614 0.9277857022
     -0.5159546705875977     -0.85240120673958608    -0.084813740913478652     -0.50906363636983998
    -0.83102925336380895      0.52209407019286402     -0.19182953871350666      0.36848136876414761
     0.20779648148949326    -0.028492646669578653     -0.97774721240530704       1.9045574611926395
                       0                        0                        0                        1

0.5 0.3166267481 -0.09755705575
    -0.43017409111287974     -0.90110071258168312     0.054389034924222812     -0.51699123912611489
    -0.87624983980224147      0.40229214400839675     -0.26521247918540924      0.25343014815618625
     0.21710287250931484     -0.16174592032472615     -0.96264501245605116       1.4185799073211194
                       0                        0                        0                        1

0.5 -0.9890163802 0.5802453117
    -0.84229177730768745     -0.44991609818481948     -0.29683408913735498      -0.5869902593033034
    -0.48804174056050614      0.87034352711244034     0.065633941555771874      0.19379681182531511
     0.22881786121375147      0.20015035480500715     -0.95266103198409124      0.93222345382030114
                       0                        0                        0                        1

0.5 0.7103309133 -0.02518893194
    -0.82961861228887368     -0.54567930783041885     -0.11814169945280409     -0.69215436757123128
    -0.50964177112858133      0.82654049289674347     -0.23892778976696916      0.14982375410442592
     0.22802684943887197     -0.13800899643045353     -0.96381434562847235      0.44808973194075197
                       0                        0                        0                        1

0.5 -0.2083278941 0.5914365854
    -0.98897972487113428     0.023078412742547478     -0.14620841514460942     -0.76072536447967321
    0.043976273127511831      0.98896694663425544       -0.141424452859928     0.054026461858041552
     0.14133143800280815      -0.1462956176774029     -0.97908316137110885    -0.037598461457080512
                       0                        0                        0                        1

15
                       1                        0                        0                        0
                       0                       -1                        0                      1.7
                       0                        0                       -1                      6.5
                       0                        0                        0                        1

0.5 -0.8465822609 -0.7087164973
     0.76280209918453845      0.63092203004682768      0.14166986087820757     0.024161341796511211
      0.6309220300468279     -0.67818773534636412     -0.37682726497343527       1.6000518109760447
     -0.1416698608782076      0.37682726497343533     -0.91538563616182556       6.0144307092060041
                       0                        0                        0                        1

0.5 0.4974069623 -0.4308274224
     0.42527723116573241      0.90349981630847764    -0.053172912112792126     0.049121924874928835
     0.87362074329689099      -0.4251449164938822     -0.23672472802983149       1.4492968848047492
    -0.23648694157055683     0.054220677881750057     -0.97012063402272197        5.539697214160431
                       0                        0                        0                        1

0.5 0.1212545373 0.2744631397
     0.65364985156013478      0.74966990196135863     -0.10361906025755999    0.0095348238164503357
     0.72381908796156968     -0.65925635682582484     -0.20363443688929905       1.3386149159954244
    -0.22097013250187209     0.058104165754159956     -0.97354820448918633       5.0537898276937874
                       0                        0                        0                        1

0.5 0.4646145608 -0.1698770507
      0.5207127118765148      0.80461100978892008     -0.28541092238500454     -0.08719013548190846
     0.82789029132232661     -0.55752839746836624    -0.061316812951982297       1.2733631382104269
    -0.20846087696361271     -0.20436048772404389     -0.95644176708922168       4.5687483021555471
                       0                        0                        0                        1

0.5 0.4545617471 0.3192803896
     0.73465666800135032      0.51835466999877733     -0.43770768356474077     -0.27068761004415054
     0.61054780608701187     -0.78645277374223443     0.093399203184407323       1.2792102434620265
    -0.29582250868297655     -0.33585781331331865     -0.89425308084060118       4.1048261061534053
                       0                        0                        0                        1

0.5 -0.4667888503 0.675993459
     0.92820582193480061     0.029665143772490313     -0.37088263827159329     -0.46804178929843354
   -0.017631523573832578     -0.99218956211661291     -0.12348685032548629       1.2737063388496972
    -0.37164913763226415      0.12116043938431845     -0.92043308633783583       3.6466718166723182
                       0                        0                        0                        1

0.5 -0.3756102975 -0.819812037
     0.58578464195933877      0.75586729787322837     -0.29243970532469188     -0.63962320683717833
     0.69984154819191935     -0.65373191365072336     -0.28784786346071722       1.1681923971424331
    -0.40875195494199912    -0.036044598491124541     -0.91193345494652622       3.1898250960084278
                       0                        0                        0                        1

0.5 0.6458532871 -0.4526825025
     0.22331988537704783      0.80406340763957607     -0.55100840764022285     -0.84983337635669454
     0.93138317558875805     -0.34274812370908092      -0.1226747892767874       1.0697678306070895
    -0.28749540696397552     -0.48580424060411076     -0.82543360168197777       2.7494002735545444
                       0                        0                        0                        1

0.5 -0.68950387 -0.9384938719
    -0.58408280830140391      0.77079287807353913     -0.25441228774934188      -1.0507024735170329
     0.80671018344714573      0.58592547110974968     -0.07687666894116843       1.0063122053282969
    0.089810650645772608     -0.25013932400949473     -0.96403545869156515       2.2985899847579896
                       0                        0                        0                        1

0.5 -0.457328158 0.5441305932
    -0.08924253144661351      0.99492565916415021    -0.046461847980674209      -1.1280689730479325
     0.99598666109010847     0.089462125392033978    0.0026644044207086853      0.99251697150757068
   0.0068074599945463013    -0.046037602643046266     -0.99891651184235808       1.8058959932120104
                       0                        0                        0                        1

0.5 -0.4457728937 0.7879191039
     0.64001110644187942      0.75155862852033894      0.15982931998749805      -1.0974413042999271
     0.76636757787868193     -0.63937521481099102    -0.062290209999341831      0.98445605268879088
    0.055376161002752118      0.16235443505499159      -0.9851774044356536       1.3079152125555467
                       0                        0                        0                        1

0.5 -0.8481763946 -0.5487998753
     0.18512487281957168      0.83919893121336919      0.51134522126824788     -0.93120886271030812
     0.97197619767467947    -0.079647349759440766     -0.22117542998753487      0.90361884611341536
    -0.14488289277002592      0.53796045721468588     -0.83042609174805848      0.84732342409475792
                       0                        0                        0                        1

0.5 0.1320767822 0.6440589688
     0.66206840874911899      0.58975660689634579      0.46244196042153812     -0.68845327615597463
     0.72499699396528572     -0.66031928014913266     -0.19585149221956966      0.79775306389469136
     0.18985463090930429      0.46493611699397991     -0.86474830224571786      0.42332747392369025
                       0                        0                        0                        1

0.5 -0.000641701743 0.5099857622
        0.86568257158105       0.1913703826722111      0.46257006160873437     -0.45719492147753349
     0.31041322613825256     -0.93015245316555029     -0.19611232217418711      0.69976573337270898
     0.39273058742509392       0.3133588845174195      -0.8646206654913694   -0.0090127327682270053
                       0                        0                        0                        1

15
                       1                        0                        0                        0
                       0                       -1                        0                     -1.7
                       0                        0                       -1                      6.5
                       0                        0                        0                        1

0.5 0.3989230897 0.0116618276
     0.99993222680316718     -0.01158439054634759     0.001159179075477185    0.0001934539656019948
    -0.01158439054634759     -0.98010586193004945      0.19813707706036437      -1.6503002824763837
   -0.001159179075477185     -0.19813707706036437     -0.98017363512688216       6.0033087975700372
                       0                        0                        0                        1

0.5 0.5622685566 -0.9290087699
     0.61027297228769306      0.78353962766734686     -0.11675851647764281    -0.019242750384087969
     0.74327382527961317     -0.51534624459119616      0.42657035626020989      -1.4885918178092648
     0.27406371512725991     -0.34710790838104871      -0.8968863807584424       5.5322707307855552
                       0                        0                        0                        1

0.5 0.8592109326 0.5391282121
     0.90180170184047037       0.2547707781302066     -0.34906380672960124     -0.14523923908075489
     0.43058959633450411     -0.59831170994571892      0.67573345134773277      -1.2145128638187375
   -0.036691825876077486     -0.75968082005060422     -0.64926016477304438       5.1382897826706335
                       0                        0                        0                        1

0.5 -0.5095810411 -0.4551116192
     0.67995962670432009      0.69791803827340382     -0.22486733400991249     -0.29344806599347606
     0.68541558933252011     -0.49602476120908823      0.53307120178023226       -0.913402562269225
     0.26050024175051456     -0.51659447163134653     -0.81564071497679236       4.7694721147380612
                       0                        0                        0                        1

0.5 -0.7921147966 -0.822331095
    -0.06605228124207671      0.98871884947954169      0.13443263304186615      -0.3209236319360329
     0.90383568188586427     0.002205049750335919       0.4278740444400817      -0.6815047076243439
     0.42275070229702971      0.14976706727264874     -0.89378502407901073       4.3309633425255267
                       0                        0                        0                        1

0.5 -0.2954650042 -0.5327577559
    -0.55207872736651886       0.7891367804394549      0.26920665026521284     -0.21877897514938133
     0.79409920871305129      0.39920439657388407      0.45830371641236634     -0.46241654553213291
      0.2541958408602904      0.46679652046018194     -0.84704514813296494       3.8937943037779519
                       0                        0                        0                        1

0.5 0.6207571956 -0.3861110589
    -0.81994842680168323      0.56989631325591439     0.053877356308209723     -0.14085495344476842
     0.56129292687218657      0.78193494882074677      0.27116044338352552     -0.27508050064662359
     0.11240474913765278      0.25257855797753931     -0.96102510082790649        3.438994982086383
                       0                        0                        0                        1

0.5 0.7572430097 -0.6780296755
    -0.99605419785691574    -0.076805657770579655    -0.044462634492856062     -0.14880761755352273
   -0.072932754375288442      0.99387713852912185    -0.083000282218789856     -0.22466278511653826
    0.050565287212183507    -0.079429997126988838     -0.99555714415876484       2.9445582748096442
                       0                        0                        0                        1

0.5 -0.276780453 -0.7197300089
    -0.70106940010323793     -0.70587802861147908     -0.10118253289208735     -0.18155861886313526
    -0.71180566950142077      0.70124549880122611      0.03984268159466707     -0.23374949275059281
    0.042829722209244615      0.09995478545117889     -0.99406974391180813       2.4461077930395145
                       0                        0                        0                        1

0.5 0.8270047619 0.9210318281
    -0.99099625311671413      0.13071528101124438     0.028981746303236369     -0.18494396493593018
     0.11388848530143475       0.9367832447170209     -0.33085731869371632     -0.30237435275244673
   -0.070397721727187654     -0.32457767595384934     -0.94323565085720729       1.9543397100674322
                       0                        0                        0                        1

0.5 -0.8017393714 -0.3236829671
    -0.97884489122500284     -0.20412877837723356     0.013932722667545316      -0.1685975768256438
    -0.20292312062621778      0.97726130473793671     0.061502433912999477     -0.37039218549219804
   -0.026170327434524625     0.057374071671124904     -0.99800968425253611       1.4626202667820907
                       0                        0                        0                        1

0.5 0.5502970312 -0.1693899227
    -0.93126669075193447     -0.35273492078298968     0.091216371097293192     -0.14401697350967668
    -0.36413079687090072      0.90954193779857584     -0.20035524988323672     -0.40588311386804815
   -0.012292821730766765     -0.21979886042886809     -0.97546775830268584      0.96606770822775545
                       0                        0                        0                        1

0.5 -0.3470670623 0.2616649802
    -0.99248983348346298     -0.11136504205479374     0.050613810764473445     -0.11030754259943046
    -0.11315138717228747      0.99299898900344885    -0.033908279506860178      -0.4650534315606687
   -0.046483265945447189    -0.039380645579550233     -0.99814251023628042      0.47135846724844671
                       0                        0                        0                        1

0.5 -0.4156307527 -0.3890129835
    -0.87465751820289805     -0.48458446913421377    -0.012333617679302356    -0.097495271174021125
    -0.47996349933639376      0.86219241941371538      0.16204712651042913     -0.43188238001108709
   -0.067891569107739982      0.14765542380635813     -0.98670593930747885     -0.02647846054317371
                       0                        0                        0                        1

15
                       0                        1                        0                      1.7
                       1                       -0                        0                        0
                       0                        0                       -1                      6.5
                       0                        0                        0                        1

0.5 0.6548976894 0.6526721215
     0.59619776521287982      0.74503571351083986     -0.29911537965902313       1.6217111867365142
     0.79630687641933851     -0.59619776521287982       0.1021938516861213     0.017340900543692292
    -0.10219385168612131     -0.29911537965902313     -0.94872883709150191       6.0087000159215691
                       0                        0                        0                        1

0.5 0.5570677589 0.258471623
     0.75385254999058815      0.46015066692813705     -0.46900713917623715       1.4263663174255155
     0.62324180951247621     -0.72679196744889962      0.28869202089315293      0.11354308755368805
    -0.20802879547866124     -0.50993607420670706     -0.83467911227869429       5.5603954242629596
                       0                        0                        0                        1

0.5 0.1934948051 -0.5150306804
     0.44126473696659407      0.72580342406030496     -0.52772608570369128       1.1782588287774067
     0.89284880421840596     -0.29609345868911019      0.33933711339504752      0.27229457671541668
    0.090035796856393555     -0.62091710666066957     -0.77868832143584699       5.1566041244426835
                       0                        0                        0                        1

0.5 -0.9361017779 0.4806150019
     0.77259573818696969      0.60087236091202767     -0.20505665370169657      0.99751803831415464
     0.62491159357446013     -0.77674852695390018     0.078404247915376757      0.38617478527641114
    -0.11216650815444459     -0.18871706803294797     -0.97560470615997286       4.7095381402537804
                       0                        0                        0                        1

0.5 0.8215672122 -0.3292441665
     0.55640665441370896      0.68190142239020723     -0.47478635728752344      0.82895062638815808
     0.83072493178872242     -0.44446000914437683      0.33518858568871945      0.49528688382832575
    0.017542024648461406     -0.58091802383261681     -0.81377301931044654       4.2554495902711649
                       0                        0                        0                        1

0.5 -0.06281180633 0.02866018067
     0.57592934638201532      0.68024985722918041      -0.4533933388523308      0.59690786362229209
     0.81749850667681345     -0.47838361919464206      0.32069503343116618      0.65930218167967602
   0.0012568043467370755     -0.55534605844096485     -0.83161840757460315       3.8440682695971202
                       0                        0                        0                        1

0.5 -0.6506334511 -0.4060436673
      0.2363211421800909       0.9546105201606615     -0.18130381285921374       0.4344977667763768
     0.95791999543589812     -0.19759983840705614      0.20819122509269075      0.78770047754792349
     0.16291592955505482     -0.22287453569238608      -0.9611375246223175       3.3913522159889991
                       0                        0                        0                        1

0.5 -0.6609011544 0.3941584534
     0.58980923695887688      0.79930505477625757      0.11504996048287741      0.42008215804425553
     0.79737574599330152     -0.59897878396533943     0.073595761162111015      0.86369824266002826
     0.12773794933227545     0.048330588332101687      -0.9906296838535873       2.8996596823218388
                       0                        0                        0                        1

0.5 0.01752258465 -0.670385486
   -0.034752705664748654      0.99366357673504957      0.10688753771646106      0.47563802120941923
      0.9967358961914492     0.026663259620196618     0.076201206223105014      0.90137760708051551
    0.072868392958877898      0.10918684378868423     -0.99134677608345334       2.4041879513801865
                       0                        0                        0                        1

0.5 0.8055212768 0.3605721471
     0.31611643114838628      0.90488980918198003     -0.28503479646634006      0.42960412562260092
     0.94805680970509709     -0.29006586411097679      0.13057595509643866      0.94773057717047937
     0.03547798655226557     -0.31150638471169817     -0.94958153138845602       1.9118613035118661
                       0                        0                        0                        1

0.5 -0.8802868281 -0.125884503
     0.19592130240789496      0.97125249476728004      0.13521625150524452      0.39092817126544172
     0.97948256784126697     -0.20046311897487024     0.020698725225160156      0.98390022634414187
    0.047209560026270803      0.12838664003393052      -0.9905998829511965       1.4187202962342951
                       0                        0                        0                        1

0.5 0.2594497004 -0.6357407952
    -0.42272707414594046      0.90621255533235134    0.0089791615434429428      0.42662297881501682
     0.90625592449374215      0.42269026581863867     0.005756605090043606      0.99390620205980762
   0.0014213036290612741     0.010570891172458935     -0.99994311646003864      0.92044321489927428
                       0                        0                        0                        1

0.5 0.138415291 -0.04627937438
    -0.46417952966493692      0.88415342988258594    -0.053010156261772259      0.41555161194669021
      0.8857375206239182      0.46351664037055851    -0.024927267371007186      0.98923127914477327
    0.002531560592298779     -0.05852381161929518     -0.99828280295441196      0.42068746695348602
                       0                        0                        0                        1

0.5 0.9912300161 -0.5750845905
     -0.8448489751992736      0.37551491557003086     -0.38107578942930809      0.29642411932234436
     0.50787353443529659       0.7868681957967516     -0.35057512099943228      0.90209812979380644
      0.1682102319270074     -0.48972133977191501     -0.85549887623950926    -0.051749178497404458
                       0                        0                        0                        1

15
                       0                        1                        0                     -1.7
                       1                       -0                        0                        0
                       0                        0                       -1                      6.5
                       0                        0                        0                        1

0.5 -0.6217844211 0.128275201
     0.12587067084204187      0.94397681116982413      0.30506450825263964      -1.6230067856230961
     0.99184999240361749     -0.12587067084204184     -0.01975264009489406   -0.0033045691865593043
     0.01975264009489406      0.30506450825263964     -0.95212681876620653        6.008009068094581
                       0                        0                        0                        1

0.5 0.4419234246 -0.6412475908
    -0.47979618046801492       0.8720721018997013     0.096363241417777662      -1.5233169879076698
     0.87163816801490701      0.48631726379494505    -0.061175346297466932    -0.017856619637361869
    -0.10021242072677938     0.054642181721037075     -0.99346449494123545       5.5192877941237937
                       0                        0                        0                        1

0.5 -0.3549362202 -0.3424065522
    -0.74038100065618884      0.63109362787129253      0.23142343599469559      -1.4395839691341772
     0.65691528237462427      0.75229703023390371     0.050114769119662964    -0.022593445442060527
    -0.14247205217167502      0.18912961471303102     -0.97156147679315275       5.0270343592478035
                       0                        0                        0                        1

0.5 0.8341931412 0.3560692054
    -0.46423507866914787       0.8809155949090165    -0.092051650605211144      -1.4003774409311334
     0.87457714606507198      0.43948861331056877     -0.20485256735278645    -0.066741646441311669
    -0.14000216896078602     -0.17560601759748248     -0.97445467789416873       4.5341595686115266
                       0                        0                        0                        1

0.5 0.02053879015 0.1081277289
    -0.36651074406078127      0.92487918145036641     -0.10133298676992056      -1.4487047849318762
     0.91678346779176334      0.34041902800354562     -0.20886109871594358     -0.17021246232531184
     -0.1586756051563136      -0.1694502437083574     -0.97268117450450109       4.0473782400329821
                       0                        0                        0                        1

0.5 -0.8862057859 0.04861095536
    -0.32152638448303944      0.89516334508351658      0.30871243852516533      -1.3963094642271501
     0.93393597804827977      0.35356213337582665    -0.052511015508541814     -0.23579895447879232
    -0.15615496466096992      0.27143397624767518     -0.94970480863798268       3.5586147810245183
                       0                        0                        0                        1

0.5 0.8492720136 -0.2857136352
     -0.5717485410477442      0.81799297915140257    -0.063175088989168515      -1.3362965134464315
     0.80309299612122276      0.54225974366138563     -0.24697370302387883     -0.30731680836708597
    -0.16776544754750466     -0.19194232587759777     -0.96696064974014484       3.0712138040196821
                       0                        0                        0                        1

0.5 0.8972619432 -0.1071232089
    -0.65158635113639707      0.64606585846774989     -0.39753507208180422      -1.4546993334762683
     0.74834564566675288      0.46169242110986825     -0.47625508175905007     -0.48963541331484167
    -0.12415321834075498     -0.60781495112578243     -0.78431305201660073       2.6255937847627893
                       0                        0                        0                        1

0.5 -0.973139727 -0.2141570066
     -0.7891558094593083      0.60828655653489871    -0.084973957984431137      -1.5745570309443868
     0.61306788306737492      0.77176441067024881     -0.16890075539822785     -0.65724050347736318
   -0.037160182291158368      -0.1853838168819481     -0.98196331972755879        2.175419818059912
                       0                        0                        0                        1

0.5 0.04726844653 0.1936322012
    -0.65756410313689695      0.74659308890690934     -0.10103568608273217       -1.620923156861259
      0.7497185267454719      0.63520249347759372     -0.18557996372035307     -0.74599524924033889
   -0.074374598623239696     -0.19777904812261546     -0.97742102862755309       1.6855615169035902
                       0                        0                        0                        1

0.5 -0.4375889469 0.1091563879
    -0.57177981643819664      0.81733677780982528     0.070911445855764157      -1.6290997908058555
     0.81612688972171465      0.57548569028142005    -0.052470183480511245     -0.80496283836525773
    -0.08369433306420937     0.027871345872969439     -0.99610162468101937       1.1901216733950524
                       0                        0                        0                        1

0.5 -0.7060283273 0.5729377972
   -0.054598272675712496      0.91937644460322387      0.38957153608748696       -1.515491391188188
     0.99765348078912486     0.034086779441361022     0.059376963013106653     -0.79521198550945382
    0.041310542119080723       0.3918992786112927     -0.91908018939251213      0.70593090492448585
                       0                        0                        0                        1

0.5 -0.9376833071 -0.4033118183
    -0.36223144700600313      0.55722290018120368      0.74718874343340191      -1.2241811142322729
      0.9116167550256743      0.37887834750333593      0.15939287860378731     -0.74729838285870653
    -0.19427627430130831      0.73888689073957048      -0.6452153841445607      0.30803497793290741
                       0                        0                        0                        1

0.5 0.8714195327 0.5814774979
    0.083164700250423537      0.90672234235062565       0.4134467638214771      -0.9276206810634825
      0.9849105220137867      -0.1379735661072149      0.10447276526534637     -0.69079881576295121
     0.15177251483317847      0.39851962177269579     -0.90451490579390681    -0.085631882767416234
                       0                        0                        0                        1
