1
19
                       1                        0                        0                        0
                       0                       -1                        0                     0.75
                       0                        0                       -1                     8.75
                       0                        0                        0                        1

0.5 0.08155882312 -0.3652983377
     0.93402639193912973      0.35712806981301237   -0.0073648430263993005   -0.0012330285945767773
     0.35712806981301226     -0.93320423116305895     0.039867338649525866      0.76008058655851918
   0.0073648430263993014    -0.039867338649525866     -0.99917783922392944       8.2501376468911296
                       0                        0                        0                        1

0.5 -0.02594703529 -0.3207109286
     0.77380896275472455      0.63341843065325432  -0.00088366805193778458     -0.00344476585373124
     0.63317736992433882     -0.77347443403207405     0.028700489794774117      0.77713605099085847
    0.017495924558440762    -0.022768214851658853     -0.99958766549828637       7.7504370116427754
                       0                        0                        0                        1

0.5 0.4142474611 -0.8975167249
  -0.0078142398067387094      0.98340376595700651     -0.18126216030330461    -0.045917202915007983
     0.99332050951758988     0.028502406406669359      0.11181224530768162      0.81928530923117815
     0.11512299087479835     -0.17917769373057338     -0.97705785450066029       7.2549063120532189
                       0                        0                        0                        1

0.5 0.2494179632 -0.7787915932
    -0.68610592221555233      0.66725515121963819     -0.28987795133746408     -0.16536229286721421
     0.68226272339738514      0.72847327490071201     0.062002129139373113      0.86641437385605335
     0.25253958058714343     -0.15523289253985539     -0.95505314475717995       6.7720042937893883
                       0                        0                        0                        1

0.5 -0.08192519867 -0.8582695546
    -0.95813526275434291    -0.072842834641178258     -0.27689481704810837     -0.30577648233559879
    -0.10399674912056456      0.98958520204695422     0.099527905946242723      0.90634564124131034
     0.26676111867928148      0.12415735713652941     -0.95573189558047611       6.2938252045790977
                       0                        0                        0                        1

0.5 0.2983514068 0.1784586048
    -0.95949848111797265     0.057634076565046599     -0.27575528635150154     -0.44312727660416418
     0.07398258134308687      0.99604281749194779    -0.049247166218139807      0.91895600071723327
     0.27182575740742021    -0.067653669088955593     -0.95996548826959593       5.8137075511861962
                       0                        0                        0                        1

0.5 -0.1865960206 0.5461509303
    -0.78328343872961548      0.57107071994672476     -0.24565277818791093     -0.57548552242804107
     0.58103210469239086      0.81302219238474338     0.037371218961079408      0.91670215844227365
     0.22106276920512835     -0.11345989383670314     -0.96863724095345594       5.3317358545629236
                       0                        0                        0                        1

0.5 -0.06617457606 -0.1979721275
    -0.88108564729643035      0.41365007558585809     -0.22930699312503539       -0.694008293466575
     0.40992893128397367      0.90972881197300215      0.06596787068392089      0.94240351792196486
     0.23589479312738137    -0.035876226585377619     -0.97111613257188956       4.8466904795788581
                       0                        0                        0                        1

0.5 0.3056869321 -0.5912718851
      -0.951412552065244     -0.18320646194048265     -0.24748646038915137     -0.81703156387766351
    -0.16749596310350018      0.98234762319603197    -0.083296155644417502      0.93853681848273107
     0.25837813010533889    -0.037796024980921911      -0.9653042019896676       4.3625730930651274
                       0                        0                        0                        1

0.5 -0.3318443249 -0.782599017
    -0.56193514458742078     -0.75847773704593657     -0.33006123020310979     -0.95739831391544594
    -0.81337326336760019       0.5792640042443653      0.05363905131082998      0.93393941470756148
     0.15050856359774525      0.29860464797531083     -0.94243431415207035       3.8832875926581796
                       0                        0                        0                        1

0.5 0.3777544757 -0.1117180042
    -0.47091693239874804     -0.86440600340055629      -0.1761803169063762      -1.0847930138012858
    -0.87307750704597142      0.48528169459262327    -0.047300566420552581      0.93478381166700464
     0.12638397632036394      0.13154443423569795     -0.98322080549135182       3.4005580116771936
                       0                        0                        0                        1

0.5 0.412317289 -0.6829700668
     0.18776322924329547     -0.98195321480665498     0.022646272872277801      -1.1241949188183396
     -0.9787805951100057     -0.18898330516874376    -0.079207682730920548       0.8973151183637853
    0.082058006192169367    -0.007293442148515572     -0.99660086761019373       2.9043997434168927
                       0                        0                        0                        1

0.5 -0.0662999996 0.1072382201
    0.081562573033796132     -0.99661620165049492    -0.010182990123099308      -1.1210588406264823
    -0.99324155828502625    -0.080431409314445104    -0.083677925949594403       0.8564437473947375
    0.082575744475240229     0.016939155924448526     -0.99644082183586091       2.4061058427489974
                       0                        0                        0                        1

0.5 -0.3600119094 -0.2144995036
      0.2904940156808879     -0.93872090444544298     -0.18551628071606568      -1.1704184559722257
    -0.95511794664054905     -0.27270854558728846     -0.11567090026799377       0.8080505552652596
    0.057990817020748396      0.21079163342219315     -0.97580938324063515       1.9115874461347677
                       0                        0                        0                        1

0.5 -0.1592507625 -0.5875419847
     0.75737791557588918      -0.6037237470601492     -0.24878973096487436      -1.2801129540293075
    -0.64665914472506947       -0.746347004050114     -0.15747412514080586      0.74134498543982907
   -0.090612601449041458      0.28014957929840584     -0.95567022014791392       1.4284860751259236
                       0                        0                        0                        1

0.5 -0.1514336378 -0.859287617
     0.94386067323573541      0.19693760824178963     -0.26522180901839099      -1.4111737117255518
     0.13752279593893313     -0.96423657899437798     -0.22657294703110212      0.64602930918617996
    -0.30035730408319211      0.17737924960158974     -0.93718839711909185      0.95559974116459423
                       0                        0                        0                        1

0.5 0.3080988571 0.9175380664
      0.7127026300454925     -0.66392221621615644     -0.22641168684691459      -1.5396891054868709
    -0.69369729807647984     -0.71499112334753301    -0.087015815663735147      0.56925552358251652
    -0.10411061313636159      0.21907757609774037     -0.97013710159106292      0.47903995930093701
                       0                        0                        0                        1

0.4943526868 0.1802486645 0.5720002974
     0.23481439626048647     -0.96008776053055001      -0.1519660863095999      -1.6343084352571233
    -0.97201616155491255     -0.23082126342305936    -0.043659203243274831       0.5387430637065771
   0.0068396626289444311      0.15796530135196321     -0.98742097536152451   -0.0050476841948042805
                       0                        0                        0                        1
