1
20
                       0                        1                        0                    -0.75
                       1                       -0                        0                        0
                       0                        0                       -1                     8.75
                       0                        0                        0                        1

0.5 0.09190825792 -0.6559666171
    -0.60970446252869148      0.79147713193302038    -0.042713206384908289     -0.76108047926059208
     0.79249551947878327      0.60970446252869148    -0.014536848993259298   -0.0024582763954952291
    0.014536848993259298    -0.042713206384908289       -0.998981612454237       8.2501722160054332
                       0                        0                        0                        1

0.5 0.402112796 -0.06872667392
    -0.66196316440109848      0.72356616540153362     -0.19559338757280267     -0.82122647022004702
     0.74914261689403749      0.64714888682128957     -0.14136356616582246    -0.041119458854082552
    0.024292149539254154     -0.24010481580361104     -0.97044297560375814       7.7561612048031749
                       0                        0                        0                        1

0.5 0.312514012 -0.6500984678
    -0.95376224484229377      0.14044639989913882     -0.26572991752672342     -0.94038241074014839
     0.21350731991663804      0.93885894537369541     -0.27010832092663606     -0.14207388839032695
     0.21154716886643138     -0.31435440103037116     -0.92543454976428974       7.2817047654621812
                       0                        0                        0                        1

0.5 0.4689714469 0.6857928205
    -0.67147042040200078      0.64645321081623408     -0.36225090855723407      -1.0923899788570579
     0.73363102655725498      0.51100643096456067     -0.44794859569532058     -0.32580539997385588
    -0.10446526407236148     -0.56654273778616482     -0.81738383570024697        6.843514383912277
                       0                        0                        0                        1

0.5 0.2540227992 -0.7727455115
    -0.91417034637845729    -0.050738490362733764     -0.40214199407423462      -1.2872161132342395
     0.19070533407429408      0.82162202297194653      -0.5371859332885569     -0.57042815964798999
      0.3576647219924029     -0.56777007402926483     -0.74142638857738286        6.453805265232508
                       0                        0                        0                        1

0.5 -0.03257337864 -0.2365825058
    -0.87758585912234266     -0.25708543324978722     -0.40466052424133042       -1.488776581867912
  -0.0082014229572955431       0.8519905646220729     -0.52349289819102318     -0.83561849531805032
     0.47934934706326127     -0.45609117268999033     -0.74980333799223298       6.0809219758131308
                       0                        0                        0                        1

0.5 -0.3927078273 0.7276840625
    -0.79832189720948532      0.46452600293376806     -0.38327241100061477       -1.691720280939923
     0.59245640903450381      0.71998237044909763     -0.36141498258434052      -1.0557550860969447
     0.10806272173968226     -0.51559769088008467     -0.84998909953559809       5.6814653865439668
                       0                        0                        0                        1

0.5 -0.3690831137 -0.4305105609
    -0.93338359412392935      0.15140917404692522     -0.32537720915073809      -1.8664662082523802
     0.22570426916346664      0.95255358415697255     -0.20420394754042093      -1.1989546859289053
      0.2790208757453117     -0.26403963968338828     -0.92327158494897155       5.2362088172887216
                       0                        0                        0                        1

0.5 -0.3460215973 0.2892725107
    -0.84366061656170921       0.4630419006968905     -0.27171485469463574      -2.0179899823250018
     0.49177133034955051      0.86955705173165243    -0.045072080382313112      -1.2606742529195325
     0.21540130619137246     -0.17164711469397709     -0.96132176991280271        4.764393176306033
                       0                        0                        0                        1

0.5 -0.3371511302 0.7930784422
    -0.24707580829973028      0.95810014523172404     -0.14490568194513193      -2.1256611018055955
     0.96476908488539981      0.25718467432573477     0.055467613445634084      -1.2537262000085125
    0.090411049116926268     -0.12609581673836262      -0.9878895116351134       4.2767668430865404
                       0                        0                        0                        1

0.5 -0.4286243701 -0.5955765478
    -0.74691785805366817       0.6639967564025353     0.034957414198308612      -2.1505042158934851
     0.65957386042386323      0.73324065750926593      0.16528902208235674      -1.2028167251449307
    0.084119177160040193      0.14651431896675382      -0.9856254452740284       3.7809373726800493
                       0                        0                        0                        1

0.5 -0.04900332773 -0.2461979991
    -0.88610351306585777      0.46091021560286849     0.048809192630713316      -2.1293550207616749
     0.46149582383758825      0.86763814237516124      0.18500177965696846      -1.1153813716467833
    0.042920492923663976      0.18645596544143417     -0.98152534569337191        3.289108856742867
                       0                        0                        0                        1

0.5 -0.265079705 0.4686936843
    -0.58458717925203973      0.80017627812595349       0.1340736878684253       -2.085515345689823
     0.79693423427402421      0.53532680989989867      0.27985895169615838     -0.99732370393589931
     0.15216325475034398      0.27044986693820827     -0.95063305926992037       2.8056035551849772
                       0                        0                        0                        1

0.5 -0.3694827782 -0.6644877223
     -0.9431993410836732      0.23605953444137154      0.23377531772761456      -1.9891759529858362
     0.31618502260403181      0.85383285342976578      0.41351721836565902      -0.8264510398622783
    -0.10199036454593113      0.46394542200921363     -0.87997307398379021       2.3464506351534409
                       0                        0                        0                        1

0.5 0.3153775451 0.387077758
    -0.77779519467436409      0.60609253397776119      0.16639253408096188       -1.886695629608125
     0.62623905682479086      0.72480137013171264      0.28720657646089592     -0.65212035386983092
    0.053472225020692835      0.32758939865570874     -0.94330583960862247       1.8897323784307032
                       0                        0                        0                        1

0.5 0.3242259249 0.7095674013
    -0.18824425281144835      0.98161053817710586     0.031699410453693261      -1.8346134471829718
     0.96130187326863759      0.17754688386608208      0.21065567279248015      -0.5313843907663518
      0.2011536967934415     0.070127422375960369     -0.97704622966225929       1.4078897295706163
                       0                        0                        0                        1

0.5 -0.02803483861 0.8397581048
     0.60490904746979279      0.79502549658890298      0.04493889254038165      -1.8153435916472405
     0.77281889316083208     -0.59974225805272863      0.20750947515590962     -0.42638369245429597
     0.19192707641928716    -0.090794733764586411     -0.97720024235453562      0.91942322348421057
                       0                        0                        0                        1

0.5 0.3829330148 0.2784059912
     0.80002654920188387      0.59328938529552344    -0.089248114085315938      -1.8280333723190159
     0.58481772967277068      -0.7379379129472009      0.33680240452751498     -0.29141031940832729
     0.13396172450559196     -0.32164474491399542     -0.93733607336787095      0.43894396207606939
                       0                        0                        0                        1

0.4672900642 -0.3202086657 0.5375174726
     0.99352952766576708      0.10792211723398137    -0.035382117912480381      -1.8543097191870779
     0.11291425030055395     -0.97213471976556021      0.20543723787424761     -0.16334698587084423
   -0.012224963611471039      -0.2081031072282945     -0.97803049391449304   -0.0092369557787604917
                       0                        0                        0                        1
