1
19
                       1                        0                        0                        0
                       0                       -1                        0                        0
                       0                        0                       -1                      8.5
                       0                        0                        0                        1

0.5 -0.2913358703 0.0606226448
     0.99816625634814415    -0.060371431790216194   -0.0044062355282430948  -0.00073498251883774535
   -0.060371431790216194     -0.98757867421216661     -0.14506430458572026    -0.036341498648409729
   0.0044062355282430956      0.14506430458572026     -0.98941241786402245       8.0017660626030587
                       0                        0                        0                        1

0.5 -0.1791968121 0.2138304869
     0.96269657946309761      -0.2698963078028655    -0.019268599441399636   -0.0058707773255098827
     -0.2669016745495425     -0.93548018687627987     -0.23160379117054791       -0.130703194611832
    0.044483615103792062      0.22810699900770592      -0.9726193525686172       7.5109478213613352
                       0                        0                        0                        1

0.5 -0.4522888974 0.5213296695
     0.70320854436563651       -0.698654780810822     -0.13183034696664414    -0.039583545214109714
     -0.6801742825593089     -0.60707893047083483     -0.41087481977278262     -0.29443405263675304
     0.20702823110892993      0.37859829559649349     -0.90211010530607494       7.0408397336081849
                       0                        0                        0                        1

0.5 -0.018552555 -0.2193763422
      0.8382612531451038     -0.52763674956389939     -0.13754101928240867     -0.10699254039784781
    -0.53217809923746551     -0.73674058840840217     -0.41713280389300456     -0.50138580250721765
     0.11876254530616727      0.42286258512817643     -0.89837781135283845       6.5907006320205568
                       0                        0                        0                        1

0.5 0.2220871288 -0.5473360463
     0.99401573240012231    -0.026629180606122717     -0.10594154275493431     -0.16553297090210251
   -0.059557655925195567     -0.94512057463999821     -0.32124754475770823     -0.68695007488557158
   -0.091572972878164821      0.32563474343565701     -0.94105069178331124       6.1303912949257091
                       0                        0                        0                        1

0.5 0.3075696946 0.08729477071
     0.98721645106809064     -0.12874219280238108    -0.093963431892195678     -0.21616386557358119
    -0.14355678927855423     -0.97435592249381464     -0.17326853307297474      -0.8107665234434096
   -0.069246855470538229      0.18454263489411366     -0.98038201172490957       5.6491285713389132
                       0                        0                        0                        1

0.5 0.3070377741 -0.5784379961
     0.90108268734903929      0.41761495336756105     -0.11682354764192007     -0.26534472996344249
     0.41777617016779889      -0.9082252464935161    -0.024289365403784319     -0.85973043841647334
    -0.11624569755375862    -0.026919367667212118     -0.99285562165132446       5.1544583770416201
                       0                        0                        0                        1

0.5 0.4994286769 -0.5974714237
     0.52177171150686674      0.80742345516126512     -0.27535730447300688       -0.359305445758478
      0.8530298213938875     -0.49748793915979933      0.15762574092846846     -0.82209255078052101
  -0.0097162175720548472     -0.31713264487589626     -0.94833141921488173       4.6661206997530034
                       0                        0                        0                        1

0.5 0.2490942543 -0.5663093259
    0.017807790275562653      0.92224611113100197     -0.38619294803148063     -0.52409377490298881
     0.98083689190721235     0.058837490366250383       0.1857340604229627     -0.73334926138130008
     0.19401513878896415     -0.38209980401872168     -0.90352524352646291       4.2028174848694206
                       0                        0                        0                        1

0.5 -0.2741391166 -0.2459378615
    -0.21302407837222481       0.9424927669348846     -0.25754247476696041     -0.68514341700953729
     0.94019920133551205       0.2694476895258186      0.20838283138796135     -0.63602447428510955
     0.26579353611728429      -0.1977506684808521     -0.94352979246743796       3.7399994715667848
                       0                        0                        0                        1

0.5 0.09219736001 0.3988157008
     0.16721956165203969      0.93868989916374002     -0.30149443014567973     -0.82490996740143863
      0.9729132959037331     -0.10760096505484218       0.2046014442104509     -0.53350458527151945
     0.15961621739232909     -0.32754130354389682     -0.93125686983674383       3.2710528346742249
                       0                        0                        0                        1

0.5 0.2465266738 -0.08137239469
    0.092070204658352348      0.90499899137946926     -0.41533107639124855      -1.0042894425536484
     0.97739780285650846   -0.0024204107646488247      0.21139459922855383     -0.42896517347676566
     0.19030662727671796     -0.42540682553747805     -0.88476687347610761       2.8165440813818261
                       0                        0                        0                        1

0.5 -0.2075019192 0.3616228165
     0.41342342551836025      0.85127300966473518     -0.32313361671142959      -1.1886728110148641
     0.90946649956757553     -0.36884036465719983      0.19190485028744281     -0.32655254431053371
    0.044178698452608606     -0.37321715986257697     -0.92669153130216186       2.3634533325200393
                       0                        0                        0                        1

0.5 -0.495751312 -0.01816110508
     0.39733062604405256      0.91182162564365243     -0.10348766407649357      -1.2959541313155256
     0.91637681431944529     -0.38823977461658138     0.097587968435724426     -0.25397877298672988
    0.048804792645669587     -0.13360838452071169     -0.98983174923851558       1.8818452448902829
                       0                        0                        0                        1

0.5 -0.1599551508 -0.5881521045
    -0.17711049541205004      0.98386381475244755    -0.025374523358301398      -1.3284111731296269
      0.9798766846912641      0.17868691491571975     0.088953185644813332     -0.20924389778410699
    0.092051915859240649   -0.0091093610459203611     -0.99571254101170137       1.3850418351188845
                       0                        0                        0                        1

0.5 0.4796828581 0.2502861032
    0.068972729759921483      0.96282051733121066     -0.26118846443808658      -1.4002626363992945
     0.99596729426350006    -0.051399337609068729     0.073534052321306789     -0.17092604891126711
     0.05737518023421373     -0.26520701253814866     -0.96248289813049792      0.89292855048351205
                       0                        0                        0                        1

0.5 -0.4054680836 0.278604585
     0.33659573510205509      0.93930203437211912    -0.066445461361227948      -1.4819720570883228
     0.94159980511179908      -0.3350159747170543     0.033972101757246437     -0.14164897530369303
   0.0096497732890223585    -0.073999898032237998     -0.99721156078672168      0.40138655612699359
                       0                        0                        0                        1

0.4033764912 -0.4729121956 0.5145793611
     0.75576503148384799      0.64877404358447888     0.088946374615631082      -1.4755614872373595
     0.65453936067368157     -0.75254895113700715     -0.07244516182243825     -0.14671761509419798
    0.019935960350757523      0.11297042318074414     -0.99339832945866047   -0.0013010500708821593
                       0                        0                        0                        1
