6
23
1 -0 0 0 
0 0 -1 -0.5 
0 1 0 9.05 
0 0 0 1 

0.5 0.8248263844 0.05155642996

0.9986899892 -0.05008486486 0.01047911482 0.001756638153 
-0.01047911482 -0.4006417631 -0.9161748555 -0.9859481979 
0.05008486486 0.9148648446 -0.4006417631 8.948372377 
0 0 0 1 

0.5 0.6863052938 -0.7774814955

0.7476855208 0.6564337018 -0.1003053195 -0.01047436456 
0.3828642011 -0.5495535209 -0.7425671223 -1.402788914 
-0.5425692264 0.5168033696 -0.6622181753 8.67689619 
0 0 0 1 

0.5 0.5992009025 0.0670403978

0.7883385327 0.5468168305 -0.2819817578 -0.1074166744 
0.3383453515 -0.7681183314 -0.5436144333 -1.727067021 
-0.5138528787 0.3331449877 -0.7905502111 8.311407811 
0 0 0 1 

0.5 0.8692288073 0.5504056576

0.918273294 -0.09418689535 -0.3845815731 -0.2857616821 
-0.1621998837 -0.9755394485 -0.1483710961 -1.903850734 
-0.3611998828 0.1986243016 -0.9110889262 7.883541795 
0 0 0 1 

0.5 0.9357329854 -0.1688325152

0.9355863296 -0.1066584576 -0.3366039115 -0.4663021878 
0.003799682585 -0.9501910875 0.3116447651 -1.862536115 
-0.3530775867 -0.29284957 -0.8885805237 7.424003686 
0 0 0 1 

0.5 0.9024895844 -0.5915916668

0.8796118755 0.287080233 -0.3792992068 -0.6378057266 
0.4751279978 -0.5690357236 0.6711570092 -1.609602232 
-0.02315888804 -0.7705733483 -0.6369304364 7.033559864 
0 0 0 1 

0.5 -0.1462084674 -0.6345588567

0.529923146 0.7773360829 -0.3390133825 -0.8188874525 
0.7347511383 -0.2212302568 0.6412471741 -1.28256788 
0.4234645488 -0.5889021885 -0.6883836054 6.701674182 
0 0 0 1 

0.5 -0.5430689254 0.4868574683

0.8497159726 0.502167815 -0.1606556926 -0.9406752403 
0.5063891537 -0.6924551831 0.5138831039 -0.9884260831 
0.1468086884 -0.5180089816 -0.8426825642 6.318101373 
0 0 0 1 

0.5 0.1329058604 0.2983119155

0.958102632 0.2188337536 -0.1848002566 -1.027824967 
0.285719374 -0.7754676976 0.56304022 -0.7194254618 
-0.02009442469 -0.5922513303 -0.8055026852 5.905849172 
0 0 0 1 

0.5 -0.5816331902 -0.7223531894

0.5594880319 0.8284815635 -0.02431956312 -1.087567995 
0.7763210296 -0.5135333285 0.3655258944 -0.4904904324 
0.2903425583 -0.2233871516 -0.9304834116 5.467337155 
0 0 0 1 

0.5 -0.6389778899 -0.4594428045

0.1391420025 0.9533231778 0.2679821295 -1.028322989 
0.946451652 -0.2076333495 0.247219867 -0.3413975583 
0.2913224564 0.2192334619 -0.9311648166 4.996001931 
0 0 0 1 

0.5 -0.3237238508 0.2250116236

0.3425657624 0.8432033617 0.414314843 -0.8570051179 
0.8720479361 -0.4494592651 0.1936976155 -0.2295351618 
0.3495441254 0.2949482324 -0.8892831071 4.540378656 
0 0 0 1 

0.5 -0.3245603596 -0.2413951398

0.1400259581 0.8230254777 0.5504741539 -0.6156712396 
0.9575598099 -0.2540190008 0.1362114445 -0.1483812674 
0.2519363838 0.5080387881 -0.823665374 4.110698651 
0 0 0 1 

0.5 -0.04172138125 -0.3752585209

-0.1692158441 0.8056813812 0.5676649629 -0.3361213494 
0.984549787 0.111868876 0.1347110667 -0.08096941887 
0.04503015697 0.5816896651 -0.8121634186 3.701677284 
0 0 0 1 

0.5 0.8880707962 0.2168460925

0.02914497808 0.9864452296 0.1614818235 -0.1504765643 
0.9915067678 -0.04901477825 0.1204652681 -0.0201641051 
0.1267473849 0.1565993633 -0.9794956559 3.245865523 
0 0 0 1 

0.5 0.2917727926 -0.5747368372

-0.5164050869 0.856035399 0.02300395362 -0.1051525137 
0.8541351416 0.5129585599 0.08559600241 0.03478741078 
0.06147313315 0.06385069624 -0.9960643265 2.751408413 
0 0 0 1 

0.5 0.6737048053 -0.6643371957

-0.9276274263 0.3241831365 -0.1855064744 -0.1533129163 
0.3549347267 0.9197592819 -0.167523739 0.02006863882 
0.1163129306 -0.2212423046 -0.9682577884 2.256288961 
0 0 0 1 

0.5 -0.275696733 -0.05754442612

-0.9454144482 0.2928682984 -0.142897449 -0.2352339678 
0.3009545535 0.9528725407 -0.0382135834 -0.03155595457 
0.1249715081 -0.07913331182 -0.9889995152 1.766158102 
0 0 0 1 

0.5 -0.4268852305 -0.1282865677

-0.9768052651 0.1939858423 -0.09066954878 -0.2927454015 
0.1769891778 0.9697616065 0.168039452 0.0007501551694 
0.1205251219 0.1480942926 -0.9816016379 1.271484886 
0 0 0 1 

0.5 -0.5321856393 0.2107294272

-0.9127084017 0.4084955843 -0.009732987932 -0.3202289277 
0.3688865383 0.8339864927 0.4103525945 0.1468564313 
0.1757444033 0.3709418924 -0.9118750008 0.7956402132 
0 0 0 1 

0.5 0.827159333 0.6482924753

-0.491933521 0.8249996197 -0.278167285 -0.384954848 
0.8364026335 0.5365298752 0.1120996329 0.2722923306 
0.2417272132 -0.1775142826 -0.9539688852 0.3196335001 
0 0 0 1 

0.5 -0.09080101177 0.4745206414

-0.05782918795 0.9698764303 -0.2366336727 -0.5139301927 
0.9878826647 0.08978932818 0.1265927222 0.3328137309 
0.144026476 -0.2264455488 -0.9633165563 -0.1595949452 
0 0 0 1 


15
0 -0.99999041 0 -1.8 
-0.7071 0 0.7071067812 1.15355 
-0.7071 -0 -0.7071067812 5.34645 
0 0 0 1 

0.5 0.7317033592 0.6583601476

-0.5978499622 -0.7295081033 0.3322260826 -1.712780778 
-0.479759421 0.6576653312 0.5807732949 1.485641437 
-0.642173959 0.1878221936 -0.7431862754 4.986767305 
0 0 0 1 

0.5 0.6145367776 -0.3606904542

-0.3243602191 -0.7584918814 0.5652091065 -1.488794452 
-0.7091532491 0.5904180844 0.3853551154 1.726309344 
-0.625997607 -0.275834312 -0.7294058119 4.612660827 
0 0 0 1 

0.5 0.9970008405 0.3254787691

-0.4957121332 -0.2631453251 0.8276501911 -1.130229561 
-0.4613214321 0.8872088593 0.005778084172 1.830293967 
-0.7358216903 -0.3789606476 -0.5612002118 4.287854538 
0 0 0 1 

0.5 0.1062489259 -0.2886035435

-0.4066553851 -0.3495757818 0.8440432397 -0.7124977941 
-0.6946831553 0.718347782 -0.03717778556 1.822069727 
-0.5933191637 -0.6014738248 -0.5349691749 4.013318946 
0 0 0 1 

0.5 0.1216353406 -0.7160865611

-0.09507757885 -0.4828673126 0.8705057337 -0.2842012645 
-0.9945824306 0.0828937561 -0.06264841473 1.795488858 
-0.04189948208 -0.8717553232 -0.4881367635 3.75685158 
0 0 0 1 

0.5 -0.617015068 -0.6398707847

0.2895851385 -0.6684575979 0.6850443106 0.1070922213 
-0.8540128777 -0.5036291708 -0.1304226703 1.754824714 
0.4322026578 -0.5472686145 -0.7167205426 3.451430638 
0 0 0 1 

0.5 -0.7614949956 -0.4203953628

0.5842356081 -0.6955378452 0.4181825919 0.3833308822 
-0.5901571494 -0.717811309 -0.3693939275 1.633286812 
0.5571146523 -0.03097377376 -0.8298519744 3.056552505 
0 0 0 1 

0.5 -0.01953832991 0.3516644084

0.3081884267 -0.8581835013 0.4105140579 0.5905713863 
-0.8006661385 -0.4670307466 -0.3752418239 1.447025583 
0.5137616346 -0.2130370824 -0.8310563124 2.641399695 
0 0 0 1 

0.5 -0.822271781 0.5893902275

-0.2540917127 -0.9669972749 0.01828911928 0.6996524761 
-0.8761157018 0.222118855 -0.4278725293 1.234338531 
0.4097015426 -0.1247455748 -0.9036446191 2.20619879 
0 0 0 1 

0.5 0.05333746504 0.4582111196

-0.6554671705 -0.7540615978 0.04164991143 0.7148746823 
-0.6900730397 0.5756139614 -0.4387005554 1.018089448 
0.3068425317 -0.3163038462 -0.8976580349 1.755659517 
0 0 0 1 

0.5 -0.3878820818 -0.03784078372

-0.6264981134 -0.7720557098 -0.1068218836 0.6987271922 
-0.7128253487 0.6229991831 -0.3220907482 0.827508459 
0.3152318065 -0.1256510792 -0.9406546255 1.294539707 
0 0 0 1 

0.5 -0.3887006794 0.4147682242

-0.8784575626 -0.4215688887 -0.2248839763 0.6129525348 
-0.3903597497 0.9046389841 -0.1709911821 0.7019492617 
0.2755297603 -0.06243211856 -0.9592580423 0.8190477979 
0 0 0 1 

0.5 -0.4891916062 -0.01477918988

-0.8725982614 -0.3673719297 -0.3218554946 0.4757147657 
-0.4038612802 0.9133096375 0.05245934045 0.6722278458 
0.2746881433 0.1757538282 -0.9453292685 0.3404710673 
0 0 0 1 

0.5 0.4753472516 -0.09791394749

-0.8291379091 -0.5154600397 -0.2163610296 0.3396924905 
-0.4909872168 0.8565232823 -0.1590277642 0.6450227605 
0.2672979888 -0.02563390805 -0.9632679263 -0.1386747876 
0 0 0 1 


12
0 0.99999041 0 1.8 
0.7071 -0 0.7071067812 1.15355 
0.7071 0 -0.7071067812 4.84645 
0 0 0 1 

0.5 0.4588218401 -0.4900278411

-0.4664611073 0.8571498874 -0.2183779427 1.744033423 
0.5854686375 0.4842558172 0.6501639701 1.497519331 
0.6630395068 0.1754198071 -0.7277340955 4.489424821 
0 0 0 1 

0.5 0.6387781925 -0.7690645759

-0.8966111953 0.1960775363 -0.3970173602 1.581283738 
0.0159161176 0.91030006 0.413631343 1.769204535 
0.4425128325 0.364542284 -0.819317842 4.105208233 
0 0 0 1 

0.5 0.7399451886 -0.33568319

-0.886107727 -0.2573502771 -0.3854409825 1.378650078 
-0.3031377177 0.9509235383 0.06198676051 1.888737914 
0.350578862 0.171761175 -0.9206426941 3.667233842 
0 0 0 1 

0.5 0.6910150377 0.04130450852

-0.8984986351 -0.3365620905 -0.2817924448 1.210699068 
-0.2639542825 0.927189562 -0.2657782213 1.837447679 
0.3507317821 -0.1644315152 -0.9219218534 3.201743031 
0 0 0 1 

0.5 0.7229022859 0.5177896199

-0.9704219621 0.06804639127 -0.2315852414 1.088489124 
0.1950270106 0.7863530108 -0.5861772919 1.622323506 
0.1422199961 -0.6140181246 -0.7763669399 2.770354419 
0 0 0 1 

0.5 -0.8228010237 0.1080958544

-0.9526294608 0.2561735326 -0.1638690075 0.9863909782 
0.2892044802 0.9297751172 -0.2277485676 1.416376098 
0.09401629873 -0.2643630981 -0.9598247225 2.330294673 
0 0 0 1 

0.5 -0.4885565382 0.7073467985

-0.5469595345 0.8368099691 -0.02377316256 0.9335146605 
0.8369286804 0.5459406692 -0.03859507194 1.353733912 
-0.01932621616 -0.04101201303 -0.9989669275 1.83830193 
0 0 0 1 

0.5 0.2175169038 0.2841378774

-0.2912963619 0.9488586808 -0.1216324522 0.8976718021 
0.9555526637 0.2825835404 -0.08400035507 1.321889781 
-0.0453427357 -0.1406992708 -0.9890086762 1.340855587 
0 0 0 1 

0.5 0.2129620891 -0.2388389062

-0.5055477072 0.8350134641 -0.2171516764 0.8124700951 
0.8627900418 0.4897647365 -0.1253565187 1.270470814 
0.001670594564 -0.250737106 -0.9680488225 0.8511024495 
0 0 0 1 

0.5 -0.2491188124 0.08095962372

-0.4354470669 0.8935437046 -0.109299222 0.7305534882 
0.9001040628 0.4303326886 -0.06794750296 1.222453373 
-0.01368779871 -0.1279735688 -0.9916782845 0.3605332986 
0 0 0 1 

0.5 0.393838773 0.08667358132

-0.3578963917 0.8890362721 -0.2854916805 0.6318187506 
0.9331699191 0.3297191508 -0.1430719877 1.168872332 
-0.03307337837 -0.3176234045 -0.9476349163 -0.1258522755 
0 0 0 1 


15
0 0.99999041 0 1.7 
0.7071 -0 0.7071067812 -0.84645 
0.7071 0 -0.7071067812 6.24645 
0 0 0 1 

0.5 0.5334651032 -0.5397003859

-0.5076812427 0.8241879521 -0.2509079423 1.635307266 
0.557814769 0.5364052583 0.633326529 -0.505343818 
0.6565693816 0.1815644405 -0.7320801945 5.888683432 
0 0 0 1 

0.5 0.9407840255 -0.7596744152

-0.8748186095 0.07719812523 -0.4782401802 1.438180892 
-0.05393839527 0.9655551383 0.2545276693 -0.2748549815 
0.4814214563 0.2484541726 -0.8405321621 5.496859142 
0 0 0 1 

0.5 0.7027101023 0.7299947801

-0.6618603722 0.473986631 -0.580739478 1.179309433 
0.6207965197 0.7808135602 -0.07023016054 -0.2315152385 
0.420159178 -0.4070149982 -0.8110459089 5.074262053 
0 0 0 1 

0.5 -0.6835070308 0.2636733629

-0.4923133804 0.7920213709 -0.3609854617 0.9393353432 
0.8022107427 0.5738070999 0.1649052652 -0.2048895518 
0.3377400609 -0.2084088482 -0.917871349 4.639195819 
0 0 0 1 

0.5 -0.2048231559 0.5286074102

-0.01690939313 0.9630148845 -0.2688814322 0.7811354148 
0.977330108 0.07267640353 0.1988326189 -0.111806277 
0.211012758 -0.2594269652 -0.9424232996 4.174340918 
0 0 0 1 

0.5 -0.8945146073 0.2085081591

0.188481556 0.9669427549 0.1716893468 0.7567638959 
0.9619741346 -0.2169689265 0.1658935181 -0.01520495825 
0.1976534588 0.1338962072 -0.9710794643 3.688605444 
0 0 0 1 

0.5 -0.4939136868 -0.6373240231

-0.4047183811 0.8215489177 0.4015485372 0.9015812302 
0.914410552 0.3603726357 0.1843239424 0.06636186177 
0.006715325893 0.4417802879 -0.8970927999 3.218369347 
0 0 0 1 

0.5 0.8547834684 -0.1913784318

-0.5651084772 0.8238647141 0.04336083208 1.012849964 
0.8240929621 0.5661795469 -0.01737585728 0.1117773555 
-0.0388736478 0.0259089311 -0.9989033871 2.736937258 
0 0 0 1 

0.5 -0.4094105894 -0.5527288249

-0.9083339519 0.3819008707 0.1704757368 1.070100796 
0.4057208703 0.9035792771 0.1375698928 0.1389312492 
-0.1015051455 0.1941181649 -0.9757075656 2.241841422 
0 0 0 1 

0.5 0.9715405479 -0.3004826548

-0.9891528995 0.1413210484 0.03982113256 1.117778889 
0.1211420772 0.9387840119 -0.3224896683 0.09341776926 
-0.08295997794 -0.3141795917 -0.9457268296 1.751138277 
0 0 0 1 

0.5 -0.9399430715 0.06868267659

-0.9781485998 0.1730710539 0.1151197071 1.155890015 
0.1880504873 0.9727847597 0.1353411821 0.04596232321 
-0.08856570829 0.1540242529 -0.9840848819 1.259482254 
0 0 0 1 

0.5 -0.1686592428 -0.3374414664

-0.978627885 -0.1702590492 0.1152394847 1.214688623 
-0.1423211987 0.9655324604 0.2179040026 0.1342991536 
-0.1483676495 0.1968385398 -0.9691398453 0.7710253298 
0 0 0 1 

0.5 -0.6602800554 -0.7241634906

-0.6115381215 -0.7894847144 -0.05211364242 1.23907935 
-0.7099236862 0.5184450343 0.4766691894 0.3141584318 
-0.3493015214 0.3284962682 -0.8775357879 0.3075259477 
0 0 0 1 

0.5 0.7280428261 0.7479722804

-0.981533676 -0.1421266951 0.1279549351 1.267973652 
-0.1167079103 0.9752123312 0.1879643127 0.4873260922 
-0.1514983107 0.1695522234 -0.9738021952 -0.1577476108 
0 0 0 1 


13
0 1 0 -1.8 
1 -0 0 -0.3 
0 0 -1 5.4 
0 0 0 1 

0.5 -0.4732574397 -0.1651609788

-0.1628783087 0.9586524705 0.2333583027 -1.74125219 
0.9864553085 0.1628783087 0.01940569153 -0.2967567139 
-0.01940569153 0.2333583027 -0.972197162 4.904646707 
0 0 0 1 

0.5 -0.06166305579 0.5824508752

0.3891815694 0.8829432976 0.2625811097 -1.617169522 
0.913229527 -0.4071494372 0.0155295488 -0.2872864334 
0.1206214621 0.2337530084 -0.964784947 4.42040067 
0 0 0 1 

0.5 -0.5913886521 -0.3270805686

0.1016660808 0.8465521088 0.5225069714 -1.420447681 
0.9948026296 -0.08353823676 -0.05821590089 -0.3019580839 
-0.005633482575 0.5257098916 -0.850645269 3.962934323 
0 0 0 1 

0.5 0.01929849712 0.0841529731

0.1726730433 0.8400074869 0.5143650864 -1.161232298 
0.9842370675 -0.167415325 -0.0570044198 -0.3307968911 
0.0382284587 0.5161003109 -0.8556746193 3.536350487 
0 0 0 1 

0.5 0.2021968411 -0.4266116919

-0.2006919632 0.8822384309 0.425885063 -0.9259912928 
0.9664630772 0.2494026074 -0.06121649926 -0.3585906519 
-0.1602243934 0.3993165292 -0.9027039677 3.096262313 
0 0 0 1 

0.5 0.5620928677 0.4497529647

0.2238744358 0.9612986582 0.1605774792 -0.7784454715 
0.9741914924 -0.2158445584 -0.06604591384 -0.3958801361 
-0.02883007326 0.1712192058 -0.9848110532 2.621699871 
0 0 0 1 

0.5 0.7016553171 -0.5763274494

-0.340478111 0.9222798047 -0.1829607 -0.7846160222 
0.9400451896 0.3298109803 -0.08683178385 -0.4260620851 
-0.01974075282 -0.2015556477 -0.9792781135 2.125186627 
0 0 0 1 

0.5 -0.6477229977 0.0498040984

-0.2934814533 0.9480648088 0.1226448323 -0.8000435621 
0.9557173353 0.29389961 0.01507959954 -0.4435146656 
-0.02174883074 0.1216393751 -0.9923360574 1.627913992 
0 0 0 1 

0.5 -0.3338438417 0.4734020613

0.1641785853 0.944658798 0.2840161042 -0.6983545388 
0.983634083 -0.1784455981 0.02492306569 -0.4302149209 
0.07422521685 0.2752760866 -0.9584955364 1.139133023 
0 0 0 1 

0.5 -0.4317573025 -0.7789597512

-0.5186664757 0.7120478452 0.4732578083 -0.5069205931 
0.8274449509 0.5573889157 0.06820886978 -0.4136239437 
-0.2152206779 0.4269724381 -0.8782793388 0.6785597103 
0 0 0 1 

0.5 -0.355348893 -0.5629535887

-0.79382033 0.236934379 0.560099441 -0.2450433676 
0.4075321728 0.8908545159 0.2007380372 -0.348870355 
-0.4514053742 0.3876084771 -0.8037368081 0.2583487958 
0 0 0 1 

0.5 0.775556603 0.3259519946

-0.6439295744 0.6630238464 0.3817775299 -0.002659988681 
0.6768744636 0.7263019864 -0.1196928783 -0.3312792524 
-0.3566450109 0.1813416766 -0.9164712394 -0.1750502989 
0 0 0 1 


14
0.7071 -0.7071 0 -1.6 
-0.7071 -0.7071 0 -1.6 
0 -0 -1 6.3 
0 0 0 1 

0.5 0.2509680549 0.1498381466

0.5939101883 -0.7989154613 0.09479237264 -1.57678227 
-0.8044648466 -0.5883608031 0.08153953684 -1.578993892 
-0.009371259937 -0.1246866847 -0.9921519088 5.801309683 
0 0 0 1 

0.5 -0.3124322584 -0.3248623093

0.8192413772 -0.5732717057 -0.0135623521 -1.557946672 
-0.5734022853 -0.8187283932 -0.02957122576 -1.564499093 
0.005848576462 0.03200326923 -0.9994706524 5.302381931 
0 0 0 1 

0.5 0.2619856889 -0.1019950713

0.8732829282 -0.483982695 0.05584351622 -1.546888814 
-0.4871062998 -0.8695431076 0.08125919443 -1.551854577 
0.00923047776 -0.09816587862 -0.9951272575 4.803021659 
0 0 0 1 

0.5 0.06159828836 -0.05521815048

0.8986113896 -0.433107892 0.06997102552 -1.515369887 
-0.4384504396 -0.8921837754 0.1083980761 -1.504469316 
0.01547924837 -0.1280890294 -0.9916418675 4.306290975 
0 0 0 1 

0.5 0.84137775 0.2695052171

0.7586058116 -0.5841720937 0.2885151774 -1.428407378 
-0.6474068591 -0.6260927566 0.4345722481 -1.364042984 
-0.07322912182 -0.5164656436 -0.8531709879 3.838251532 
0 0 0 1 

0.5 -0.4156153179 -0.4972665496

0.9582416053 -0.1992310402 0.2050873921 -1.308356054 
-0.2508862641 -0.9299181717 0.2688663171 -1.1855398 
0.1371506072 -0.3090984295 -0.9410886631 3.387882346 
0 0 0 1 

0.5 -0.3299251241 -0.0628307735

0.9698680954 -0.1698964819 0.1745619748 -1.213645446 
-0.1908780741 -0.9752719984 0.1113144644 -1.090182706 
0.1513363728 -0.1412831109 -0.9783334732 2.906872744 
0 0 0 1 

0.5 -0.3790997951 -0.1218994074

0.9852362935 -0.08118101192 0.1506648908 -1.133039991 
-0.07030401363 -0.9946032386 -0.07617455868 -1.081244924 
0.1560387089 0.06445882963 -0.985645464 2.414251701 
0 0 0 1 

0.5 0.7120121685 0.7380164895

0.6968828482 -0.6560285033 0.289761486 -1.031557417 
-0.7162728096 -0.6568920034 0.2354293484 -1.036364789 
0.03589432849 -0.3716220763 -0.9276899426 1.929375643 
0 0 0 1 

0.5 -0.5887656338 0.5842259032

0.2015837859 -0.9786366816 0.04018759283 -0.9450845344 
-0.974843685 -0.196484956 0.1051392975 -0.9569106555 
-0.09499873787 -0.06037215666 -0.9936450284 1.445196611 
0 0 0 1 

0.5 0.3124273242 -0.4615823415

0.6131651881 -0.7692830542 0.1794793991 -0.8887997004 
-0.7896024095 -0.5902048206 0.1678306429 -0.8912410546 
-0.02318010762 -0.2446299657 -0.9693393949 0.953246416 
0 0 0 1 

0.5 0.05635914765 0.4144761662

0.2525266016 -0.9458306876 0.2039986417 -0.7931380821 
-0.9594329215 -0.2174698317 0.1793771487 -0.8040001963 
-0.1252992649 -0.2410251374 -0.9623964762 0.4703166931 
0 0 0 1 

0.5 -0.542867864 -0.6871371594

0.8061315756 -0.5915378167 -0.01468720987 -0.7498541195 
-0.5908637357 -0.8060517847 0.03378440652 -0.7439917388 
-0.03182401619 -0.01855689309 -0.9993212065 -0.02265197792 
0 0 0 1 
